-6.36201
-6.35371
-6.33932
-6.3166
-6.28301
-6.23715
-6.17985
-6.10701
-6.01673
-5.90864
-5.78047
-5.63582
-5.4839
-5.33471
-5.20008
-5.09127
-5.01504
-4.97185
-4.9582
-4.96716
-4.9926
-5.02498
-5.05892
-5.09115
-5.11708
-5.13555
-5.14747
-5.15306
-5.15687
-5.15891
-5.15991
-5.16122
-5.16148
-5.15817
-5.14965
-5.13435
-5.11114
-5.08259
-5.05203
-5.02235
-4.99833
-4.97951
-4.96711
-4.96083
-4.95968
-4.96245
-4.97113
-4.98498
-5.00175
-5.01945
-5.03584
-5.04748
-5.05408
-5.05379
-5.04828
-5.03649
-5.02316
-5.01044
-5.00168
-4.9966
-4.99578
-4.99854
-5.00248
-5.00881
-5.01625
-5.02401
-5.02994
-5.0334
-5.03476
-5.0335
-5.03047
-5.02966
-5.03262
-5.03963
-5.0505
-5.06222
-5.07219
-5.07846
-5.08344
-5.08676
-5.08847
-5.08826
-5.09026
-5.08854
-5.08466
-5.08046
-5.07526
-5.07181
-5.07232
-5.07333
-5.0769
-5.08077
-5.08579
-5.0903
-5.09347
-5.09311
-5.09037
-5.08335
-5.07369
-5.05929
-5.04277
-5.02257
-4.99987
-4.97675
-4.95285
-4.93125
-4.91457
-4.90523
-4.90557
-4.91643
-4.93537
-4.96107
-4.99012
-5.01731
-5.0384
-5.05399
-5.06251
-5.06448
-5.05934
-5.05056
-5.04136
-5.03116
-5.02459
-5.01894
-5.0144
-5.0099
-5.00525
-5.00219
-5.00167
-5.0066
-5.01789
-5.03371
-5.05168
-5.07276
-5.09503
-5.11624
-5.13229
-5.14432
-5.15055
-5.15266
-5.15106
-5.14967
-5.1507
-5.15202
-5.15288
-5.15082
-5.14491
-5.13568
-5.12618
-5.11833
-5.1158
-5.11692
-5.12195
-5.12684
-5.12768
-5.12453
-5.11372
-5.09756
-5.07632
-5.05545
-5.03953
-5.03247
-5.03769
-5.05173
-5.06564
-5.0755
-5.07957
-5.08136
-5.08445
-5.09011
-5.0999
-5.11086
-5.12289
-5.13549
-5.14692
-5.15856
-5.16963
-5.18069
-5.1868
-5.18684
-5.1758
-5.1586
-5.13658
-5.11479
-5.09907
-5.09509
-5.10066
-5.11286
-5.12585
-5.1388
-5.14731
-5.15325
-5.15697
-5.15591
-5.1499
-5.139
-5.12229
-5.09933
-5.07266
-5.04478
-5.01586
-4.98843
-4.96398
-4.94607
-4.93422
-4.93176
-4.93686
-4.94889
-4.96784
-4.99359
-5.02656
-5.06204
-5.09933
-5.13528
-5.16629
-5.19231
-5.21022
-5.21894
-5.22095
-5.21547
-5.20527
-5.19067
-5.17374
-5.15687
-5.13796
-5.12041
-5.10395
-5.09064
-5.08145
-5.07666
-5.07824
-5.08451
-5.09678
-5.11363
-5.132
-5.1514
-5.16853
-5.18062
-5.18807
-5.18935
-5.18525
-5.17742
-5.16554
-5.15302
-5.1418
-5.13745
-5.13914
-5.14725
-5.16236
-5.17867
-5.19686
-5.21114
-5.22082
-5.22695
-5.22522
-5.21573
-5.19875
-5.18001
-5.16186
-5.14346
-5.12639
-5.10842
-5.09064
-5.07276
-5.05577
-5.04152
-5.03012
-5.02256
-5.01871
-5.01849
-5.02094
-5.02493
-5.02731
-5.0274
-5.02305
-5.01369
-5.00027
-4.98357
-4.96803
-4.95646
-4.95387
-4.96318
-4.98414
-5.01383
-5.04765
-5.07866
-5.10291
-5.11509
-5.11373
-5.1045
-5.08914
-5.07267
-5.05803
-5.05188
-5.05287
-5.06329
-5.0788
-5.0938
-5.10784
-5.11926
-5.12628
-5.12838
-5.12553
-5.11707
-5.10508
-5.09069
-5.07634
-5.06332
-5.05013
-5.03877
-5.02898
-5.02505
-5.0303
-5.04661
-5.06992
-5.09664
-5.12051
-5.13681
-5.14364
-5.1397
-5.1279
-5.1098
-5.09144
-5.0755
-5.06647
-5.06548
-5.07127
-5.08131
-5.09081
-5.09674
-5.09531
-5.08436
-5.06564
-5.04171
-5.01472
-4.98999
-4.97138
-4.96051
-4.95806
-4.96438
-4.9765
-4.9946
-5.01597
-5.03801
-5.05556
-5.06793
-5.07011
-5.06514
-5.05329
-5.04012
-5.03007
-5.0279
-5.03381
-5.04445
-5.05577
-5.0623
-5.0665
-5.06951
-5.07201
-5.07697
-5.08527
-5.09514
-5.1059
-5.11437
-5.12134
-5.12658
-5.12843
-5.12982
-5.12887
-5.12707
-5.12559
-5.12381
-5.12464
-5.12721
-5.13056
-5.13444
-5.13713
-5.13785
-5.13742
-5.13519
-5.13131
-5.12791
-5.12448
-5.12295
-5.12142
-5.11991
-5.1176
-5.1137
-5.11082
-5.10408
-5.0966
-5.09064
-5.0845
-5.07926
-5.0775
-5.07841
-5.0788
-5.07824
-5.07632
-5.07297
-5.07344
-5.07817
-5.0854
-5.09593
-5.10574
-5.11386
-5.11929
-5.12348
-5.1259
-5.12616
-5.12771
-5.13193
-5.13942
-5.14864
-5.15917
-5.16965
-5.1796
-5.18456
-5.18615
-5.18142
-5.17125
-5.15717
-5.13946
-5.12068
-5.10217
-5.08733
-5.07732
-5.07219
-5.07204
-5.07558
-5.08247
-5.09055
-5.09725
-5.10081
-5.10111
-5.09996
-5.09832
-5.09714
-5.09919
-5.10361
-5.10797
-5.1116
-5.11124
-5.10429
-5.08893
-5.06723
-5.04361
-5.02536
-5.01694
-5.01984
-5.03347
-5.05408
-5.07906
-5.10718
-5.13687
-5.16714
-5.19719
-5.22482
-5.24848
-5.26604
-5.27617
-5.27967
-5.27682
-5.26649
-5.24971
-5.22605
-5.19651
-5.1636
-5.13091
-5.09978
-5.07429
-5.05633
-5.04631
-5.04156
-5.04227
-5.04812
-5.05919
-5.07687
-5.1018
-5.12612
-5.14932
-5.16435
-5.16725
-5.16105
-5.14754
-5.13541
-5.13217
-5.13964
-5.15512
-5.17418
-5.19231
-5.20425
-5.20669
-5.19939
-5.18478
-5.16543
-5.14417
-5.12378
-5.10754
-5.09938
-5.09837
-5.10409
-5.11288
-5.12383
-5.13151
-5.13517
-5.13465
-5.12859
-5.11717
-5.09961
-5.07825
-5.05297
-5.03162
-5.01775
-5.0161
-5.0289
-5.05239
-5.08177
-5.11698
-5.15021
-5.18153
-5.2075
-5.22896
-5.24641
-5.26163
-5.27429
-5.28506
-5.2913
-5.28983
-5.28093
-5.26364
-5.24069
-5.21205
-5.17979
-5.14444
-5.10961
-5.07825
-5.05148
-5.03113
-5.01805
-5.0131
-5.01458
-5.01872
-5.02502
-5.0313
-5.0394
-5.05062
-5.06417
-5.081
-5.09505
-5.1067
-5.11238
-5.10965
-5.0997
-5.08306
-5.0623
-5.04033
-5.0223
-5.00644
-4.99269
-4.98046
-4.96821
-4.95794
-4.95276
-4.95516
-4.96775
-4.98851
-5.0144
-5.04409
-5.07319
-5.09802
-5.11561
-5.12595
-5.1276
-5.12089
-5.10865
-5.09356
-5.07992
-5.07023
-5.06556
-5.06292
-5.06014
-5.05712
-5.05037
-5.04008
-5.02675
-5.01104
-4.99352
-4.97354
-4.95533
-4.94039
-4.93363
-4.93906
-4.95502
-4.97674
-4.99954
-5.01957
-5.03736
-5.0511
-5.06336
-5.07612
-5.08986
-5.10341
-5.11446
-5.12309
-5.12685
-5.12641
-5.12522
-5.12169
-5.11611
-5.11002
-5.10309
-5.09615
-5.08541
-5.07377
-5.0614
-5.04983
-5.04266
-5.04132
-5.04736
-5.05949
-5.07597
-5.09048
-5.10164
-5.10509
-5.0981
-5.0781
-5.0491
-5.01346
-4.9784
-4.95063
-4.93216
-4.9223
-4.91921
-4.92169
-4.92777
-4.93765
-4.9521
-4.9705
-4.9933
-5.01921
-5.04674
-5.07263
-5.0968
-5.1164
-5.12962
-5.13392
-5.12895
-5.11355
-5.09041
-5.06295
-5.03819
-5.02225
-5.01929
-5.02937
-5.05036
-5.07955
-5.11201
-5.14457
-5.16988
-5.18705
-5.19348
-5.18996
-5.17816
-5.15944
-5.13828
-5.12045
-5.10951
-5.10592
-5.11041
-5.11938
-5.12858
-5.13816
-5.1424
-5.14534
-5.14863
-5.15404
-5.15912
-5.16043
-5.15632
-5.14387
-5.12249
-5.09524
-5.06601
-5.04178
-5.02502
-5.02005
-5.0259
-5.04102
-5.06191
-5.08483
-5.10373
-5.11886
-5.12513
-5.12328
-5.11469
-5.10042
-5.08369
-5.06988
-5.06214
-5.06226
-5.06993
-5.08598
-5.10753
-5.12984
-5.15146
-5.16902
-5.182
-5.18696
-5.18435
-5.17275
-5.15342
-5.1286
-5.09854
-5.0667
-5.03498
-5.00587
-4.98083
-4.96468
-4.95651
-4.9564
-4.95969
-4.9662
-4.97231
-4.97781
-4.9832
-4.98946
-4.99792
-5.01115
-5.02242
-5.03252
-5.03874
-5.0427
-5.05193
-5.06622
-5.08741
-5.11209
-5.13478
-5.15004
-5.15404
-5.14626
-5.12676
-5.09843
-5.06679
-5.03932
-5.02216
-5.02119
-5.03526
-5.06021
-5.09037
-5.12212
-5.15165
-5.1749
-5.1929
-5.20647
-5.21546
-5.22198
-5.22656
-5.22889
-5.22575
-5.21664
-5.19951
-5.17418
-5.14175
-5.10189
-5.05657
-5.00883
-4.96533
-4.93175
-4.90807
-4.89815
-4.89817
-4.90359
-4.91068
-4.91956
-4.92795
-4.93758
-4.95009
-4.96712
-4.9902
-5.01933
-5.05289
-5.08909
-5.12292
-5.15251
-5.17482
-5.18793
-5.19218
-5.18927
-5.17824
-5.15931
-5.13625
-5.1107
-5.08724
-5.06615
-5.04974
-5.03502
-5.02142
-5.00793
-4.99505
-4.98731
-4.98201
-4.98103
-4.98405
-4.9899
-4.99618
-5.00109
-5.0051
-5.00565
-5.00458
-5.00353
-5.00793
-5.01934
-5.03791
-5.06133
-5.08618
-5.10847
-5.12539
-5.13762
-5.14684
-5.15257
-5.15666
-5.15836
-5.15874
-5.15966
-5.15968
-5.16027
-5.16287
-5.16612
-5.17041
-5.17416
-5.17673
-5.17718
-5.17584
-5.17349
-5.16936
-5.16678
-5.16601
-5.16776
-5.17077
-5.17474
-5.17844
-5.18191
-5.18251
-5.17882
-5.17042
-5.1561
-5.13844
-5.11936
-5.10047
-5.08164
-5.06468
-5.04695
-5.02725
-5.01071
-5.00268
-5.00852
-5.02508
-5.04798
-5.06966
-5.08961
-5.10551
-5.11926
-5.13078
-5.1387
-5.1413
-5.141
-5.13611
-5.12608
-5.11242
-5.09396
-5.07205
-5.04873
-5.0277
-5.01284
-5.00787
-5.01216
-5.0237
-5.03597
-5.04489
-5.0454
-5.03802
-5.0246
-5.00593
-4.98802
-4.9742
-4.96505
-4.96168
-4.964
-4.9755
-4.99617
-5.02517
-5.06004
-5.09845
-5.1362
-5.16911
-5.19599
-5.21405
-5.22294
-5.22607
-5.22188
-5.20957
-5.19166
-5.16727
-5.13688
-5.10297
-5.07057
-5.04139
-5.01873
-5.00103
-4.99066
-4.98728
-4.99138
-4.99868
-5.00977
-5.0205
-5.03331
-5.04481
-5.05664
-5.06803
-5.07896
-5.09032
-5.10135
-5.11228
-5.12095
-5.12707
-5.12716
-5.12141
-5.11129
-5.10122
-5.09568
-5.09834
-5.10805
-5.12258
-5.13769
-5.14603
-5.14614
-5.13724
-5.12228
-5.10431
-5.0846
-5.06466
-5.04727
-5.03713
-5.03757
-5.04927
-5.07167
-5.10219
-5.13089
-5.15174
-5.16415
-5.16564
-5.15702
-5.13849
-5.11444
-5.08615
-5.05343
-5.01896
-4.98345
-4.94783
-4.91865
-4.89578
-4.88022
-4.87199
-4.87157
-4.87619
-4.88756
-4.90204
-4.91978
-4.9367
-4.95327
-4.96753
-4.9827
-4.99837
-5.01467
-5.02899
-5.04372
-5.05668
-5.07018
-5.08217
-5.08939
-5.09007
-5.0828
-5.06622
-5.04421
-5.02172
-5.00631
-5.00162
-5.00771
-5.02267
-5.04102
-5.05722
-5.06952
-5.07803
-5.08583
-5.09437
-5.10415
-5.11396
-5.12171
-5.12356
-5.10608
-5.06171
-4.99656
-4.91291
-4.82575
-4.74566
-4.68339
-4.64368
-4.6234
-4.61761
-4.61517
-4.61106
-4.60019
-4.58526
-4.56715
-4.55269
-4.54785
-4.55379
-4.56758
-4.58127
-4.59025
-4.59202
-4.5864
-4.58091
-4.58162
-4.59203
-4.61029
-4.62864
-4.64051
-4.64235
-4.63218
-4.61126
-4.58299
-4.5521
-4.52283
-4.50032
-4.48227
-4.47054
-4.46185
-4.45917
-4.46414
-4.47806
-4.49851
-4.52729
-4.56186
-4.59454
-4.62095
-4.64208
-4.65652
-4.66645
-4.67191
-4.67457
-4.67625
-4.6786
-4.6834
-4.68769
-4.68641
-4.67564
-4.65443
-4.62377
-4.59049
-4.56047
-4.5403
-4.5311
-4.53115
-4.53765
-4.54366
-4.54248
-4.52873
-4.50323
-4.46542
-4.42508
-4.3879
-4.35922
-4.34968
-4.36272
-4.39835
-4.44582
-4.49018
-4.52382
-4.54284
-4.55335
-4.5593
-4.56847
-4.58308
-4.60767
-4.63999
-4.67568
-4.70762
-4.72584
-4.7275
-4.71141
-4.67975
-4.63841
-4.59398
-4.55605
-4.53238
-4.52896
-4.54627
-4.58264
-4.6349
-4.69816
-4.76626
-4.8329
-4.89152
-4.93433
-4.96059
-4.96899
-4.96008
-4.93893
-4.90976
-4.8758
-4.84056
-4.80581
-4.7707
-4.73598
-4.70541
-4.68127
-4.66805
-4.66734
-4.67701
-4.6908
-4.70502
-4.71138
-4.7048
-4.68494
-4.65509
-4.61708
-4.57604
-4.53871
-4.50859
-4.48662
-4.47221
-4.46494
-4.46265
-4.46787
-4.48309
-4.50708
-4.54094
-4.57842
-4.61849
-4.65653
-4.69027
-4.71975
-4.74488
-4.7624
-4.77292
-4.77419
-4.76696
-4.75206
-4.73648
-4.72557
-4.71878
-4.71466
-4.70687
-4.69154
-4.66623
-4.63246
-4.59809
-4.57029
-4.55427
-4.5489
-4.55624
-4.57446
-4.59899
-4.6253
-4.64593
-4.6582
-4.6609
-4.6544
-4.64229
-4.62833
-4.61602
-4.6016
-4.58384
-4.55723
-4.52067
-4.47498
-4.42837
-4.3936
-4.37905
-4.3893
-4.41937
-4.46304
-4.51266
-4.55821
-4.59586
-4.62047
-4.63084
-4.62538
-4.60887
-4.58333
-4.55307
-4.52379
-4.4957
-4.46823
-4.44456
-4.43043
-4.42832
-4.44053
-4.46611
-4.49991
-4.53519
-4.5641
-4.58232
-4.58746
-4.58317
-4.57208
-4.55973
-4.55024
-4.54603
-4.54589
-4.54573
-4.54158
-4.53339
-4.52362
-4.51624
-4.51812
-4.53318
-4.56266
-4.60075
-4.64021
-4.67206
-4.69216
-4.69947
-4.69775
-4.69471
-4.69615
-4.70488
-4.72051
-4.73921
-4.7579
-4.77239
-4.77835
-4.7755
-4.76436
-4.746
-4.72276
-4.69584
-4.6683
-4.64234
-4.61763
-4.59181
-4.56114
-4.52508
-4.49093
-4.46998
-4.47272
-4.50346
-4.55848
-4.62775
-4.69918
-4.76337
-4.81371
-4.84429
-4.85587
-4.84792
-4.82292
-4.78219
-4.72912
-4.67175
-4.61523
-4.57098
-4.54025
-4.52338
-4.51491
-4.51296
-4.51582
-4.52615
-4.54516
-4.57259
-4.60111
-4.62822
-4.65109
-4.66694
-4.67843
-4.6871
-4.69449
-4.70289
-4.71093
-4.71986
-4.73149
-4.74431
-4.75822
-4.77214
-4.78609
-4.79938
-4.80941
-4.81415
-4.81306
-4.80597
-4.79311
-4.77331
-4.74639
-4.70611
-4.6532
-4.59171
-4.52567
-4.46534
-4.42139
-4.40404
-4.41471
-4.44897
-4.49466
-4.53816
-4.56665
-4.57635
-4.56936
-4.55499
-4.54075
-4.53054
-4.52624
-4.52657
-4.53071
-4.53377
-4.53554
-4.5352
-4.53798
-4.54738
-4.56839
-4.5992
-4.63216
-4.6587
-4.67892
-4.69066
-4.69899
-4.70791
-4.72152
-4.73949
-4.75878
-4.77673
-4.78722
-4.7896
-4.78074
-4.76291
-4.73799
-4.7092
-4.6801
-4.65434
-4.63344
-4.61575
-4.59893
-4.58122
-4.56265
-4.54742
-4.53749
-4.53558
-4.54153
-4.55458
-4.56899
-4.5795
-4.58531
-4.5861
-4.58447
-4.58361
-4.58268
-4.58139
-4.58036
-4.58366
-4.59679
-4.61625
-4.63938
-4.66032
-4.67554
-4.68154
-4.67507
-4.65924
-4.63599
-4.61155
-4.58854
-4.57151
-4.55759
-4.54811
-4.54276
-4.54227
-4.54608
-4.55314
-4.56414
-4.57471
-4.58486
-4.59486
-4.60299
-4.60989
-4.61543
-4.62176
-4.62744
-4.63383
-4.64254
-4.65652
-4.6746
-4.69111
-4.70249
-4.70185
-4.68819
-4.66649
-4.64059
-4.61521
-4.59262
-4.57712
-4.57206
-4.57901
-4.59807
-4.62159
-4.64487
-4.66403
-4.67696
-4.68419
-4.68912
-4.69276
-4.69678
-4.70334
-4.71491
-4.72847
-4.74025
-4.75058
-4.75623
-4.75852
-4.75351
-4.74339
-4.72883
-4.71249
-4.6951
-4.67765
-4.66006
-4.6477
-4.64455
-4.65233
-4.66367
-4.67851
-4.69204
-4.70667
-4.72167
-4.73331
-4.73466
-4.71993
-4.68932
-4.6506
-4.61554
-4.59618
-4.59073
-4.59295
-4.59741
-4.59863
-4.59858
-4.59792
-4.5966
-4.59539
-4.59119
-4.58253
-4.56781
-4.55117
-4.53475
-4.517
-4.49821
-4.47922
-4.46656
-4.46591
-4.47678
-4.49959
-4.52635
-4.55542
-4.58031
-4.60043
-4.61309
-4.61881
-4.61858
-4.61641
-4.61614
-4.6187
-4.6285
-4.64343
-4.66309
-4.68282
-4.69919
-4.71011
-4.71156
-4.70364
-4.68991
-4.67447
-4.66125
-4.65629
-4.65485
-4.65456
-4.64671
-4.6287
-4.59858
-4.55752
-4.51187
-4.46649
-4.43311
-4.42682
-4.45195
-4.49164
-4.52052
-4.5292
-4.52404
-4.52028
-4.53246
-4.56133
-4.59181
-4.60905
-4.61178
-4.60484
-4.59468
-4.58616
-4.57949
-4.57656
-4.578
-4.58975
-4.61448
-4.65423
-4.70196
-4.74617
-4.77522
-4.7813
-4.7631
-4.72281
-4.66724
-4.60273
-4.54155
-4.4908
-4.45797
-4.44516
-4.44864
-4.46143
-4.47446
-4.48052
-4.47952
-4.47183
-4.46353
-4.46413
-4.47433
-4.49392
-4.51645
-4.53643
-4.54913
-4.551
-4.54314
-4.532
-4.52546
-4.53006
-4.53867
-4.54804
-4.55519
-4.55933
-4.55462
-4.54478
-4.5248
-4.50136
-4.48645
-4.49187
-4.52225
-4.56822
-4.61066
-4.63576
-4.63984
-4.62778
-4.6115
-4.60033
-4.60091
-4.61712
-4.64634
-4.68268
-4.71646
-4.73967
-4.74952
-4.74888
-4.74454
-4.74025
-4.73651
-4.7232
-4.69676
-4.65911
-4.61619
-4.5768
-4.54166
-4.51002
-4.48039
-4.45912
-4.44361
-4.43747
-4.44218
-4.45736
-4.48442
-4.52101
-4.55931
-4.59106
-4.61131
-4.61772
-4.60951
-4.58958
-4.55993
-4.52594
-4.4914
-4.46318
-4.44869
-4.44839
-4.46289
-4.48958
-4.5233
-4.5608
-4.60052
-4.63774
-4.67018
-4.69523
-4.71331
-4.72251
-4.72395
-4.72067
-4.71554
-4.70922
-4.69575
-4.67248
-4.6358
-4.58833
-4.53738
-4.48878
-4.44682
-4.41324
-4.39115
-4.38246
-4.38878
-4.40498
-4.42422
-4.43896
-4.44847
-4.45397
-4.45836
-4.4649
-4.47466
-4.49177
-4.51799
-4.55192
-4.589
-4.61859
-4.62979
-4.61832
-4.58405
-4.53601
-4.49004
-4.46257
-4.46188
-4.48837
-4.53382
-4.58821
-4.64368
-4.69069
-4.72479
-4.74092
-4.73845
-4.72217
-4.70152
-4.68136
-4.66752
-4.66145
-4.65627
-4.65051
-4.64508
-4.64338
-4.64644
-4.65775
-4.67856
-4.70427
-4.73007
-4.754
-4.7702
-4.77944
-4.78104
-4.77561
-4.76748
-4.76464
-4.77195
-4.785
-4.79314
-4.79335
-4.7843
-4.76401
-4.73266
-4.68918
-4.63624
-4.57968
-4.52547
-4.47968
-4.44896
-4.43619
-4.44325
-4.46553
-4.49306
-4.51696
-4.53143
-4.53548
-4.53382
-4.53392
-4.54673
-4.57368
-4.61012
-4.64421
-4.6692
-4.68133
-4.68121
-4.67203
-4.65625
-4.63625
-4.61255
-4.58468
-4.55689
-4.53729
-4.53141
-4.53735
-4.5483
-4.55339
-4.55078
-4.53599
-4.51671
-4.49556
-4.4772
-4.4658
-4.45746
-4.45369
-4.45202
-4.45299
-4.45481
-4.45947
-4.469
-4.48435
-4.50746
-4.53668
-4.56931
-4.6023
-4.63533
-4.6643
-4.68536
-4.69471
-4.69475
-4.68272
-4.6641
-4.64336
-4.6258
-4.61429
-4.61417
-4.62308
-4.6398
-4.65935
-4.67896
-4.69302
-4.69863
-4.6947
-4.6816
-4.66728
-4.65332
-4.64763
-4.64975
-4.65802
-4.67023
-4.6822
-4.69381
-4.70342
-4.70987
-4.70911
-4.70041
-4.68105
-4.65085
-4.61274
-4.57205
-4.53638
-4.51156
-4.50195
-4.50433
-4.51284
-4.52246
-4.53556
-4.553
-4.57403
-4.5996
-4.63088
-4.66691
-4.70773
-4.74646
-4.77616
-4.79182
-4.79114
-4.77763
-4.75082
-4.7164
-4.67518
-4.63449
-4.59915
-4.57476
-4.56216
-4.56161
-4.5743
-4.6012
-4.63594
-4.6708
-4.7013
-4.72211
-4.73103
-4.72876
-4.71608
-4.6949
-4.66995
-4.6427
-4.62196
-4.60883
-4.60985
-4.62418
-4.64427
-4.66243
-4.67054
-4.66493
-4.64624
-4.6185
-4.58707
-4.55449
-4.52634
-4.5047
-4.4898
-4.48373
-4.47852
-4.47492
-4.47255
-4.46284
-4.44285
-4.41434
-4.3827
-4.35669
-4.34896
-4.36827
-4.41576
-4.48167
-4.55333
-4.6172
-4.6688
-4.70661
-4.73928
-4.76362
-4.77924
-4.78224
-4.77081
-4.7456
-4.71497
-4.68739
-4.66881
-4.65909
-4.65979
-4.66557
-4.66803
-4.66106
-4.64141
-4.616
-4.5962
-4.59158
-4.59927
-4.61091
-4.61703
-4.61575
-4.6064
-4.59949
-4.60589
-4.62894
-4.6638
-4.69803
-4.72704
-4.74417
-4.74318
-4.72831
-4.70409
-4.68372
-4.6787
-4.69176
-4.71725
-4.7442
-4.76302
-4.76812
-4.75801
-4.73855
-4.7214
-4.71125
-4.70849
-4.71436
-4.72179
-4.72647
-4.72177
-4.70574
-4.67908
-4.64235
-4.60923
-4.59075
-4.58928
-4.60276
-4.62185
-4.63471
-4.63513
-4.6273
-4.61796
-4.61494
-4.62507
-4.64812
-4.68195
-4.7188
-4.75274
-4.77598
-4.78445
-4.77966
-4.76525
-4.7448
-4.72712
-4.70896
-4.69193
-4.67583
-4.66873
-4.68034
-4.70855
-4.74264
-4.77156
-4.78773
-4.78488
-4.76332
-4.72543
-4.67798
-4.63416
-4.60261
-4.59116
-4.59774
-4.6189
-4.64816
-4.68329
-4.72123
-4.75616
-4.78052
-4.79242
-4.7922
-4.78242
-4.76962
-4.75539
-4.74397
-4.73533
-4.7331
-4.73279
-4.7331
-4.72754
-4.71357
-4.68874
-4.65113
-4.60616
-4.55609
-4.51363
-4.48355
-4.46642
-4.46473
-4.48267
-4.52329
-4.58368
-4.65329
-4.71984
-4.77443
-4.81025
-4.83231
-4.84381
-4.84526
-4.83795
-4.82241
-4.79869
-4.77075
-4.74177
-4.71615
-4.69782
-4.68547
-4.68379
-4.69185
-4.70381
-4.71433
-4.71792
-4.71178
-4.69623
-4.6792
-4.66648
-4.66334
-4.66512
-4.67522
-4.69275
-4.71575
-4.73698
-4.75129
-4.75298
-4.73931
-4.70911
-4.66417
-4.61016
-4.55722
-4.50919
-4.47346
-4.45134
-4.44193
-4.44194
-4.44651
-4.45762
-4.47745
-4.511
-4.55419
-4.60778
-4.64146
-4.65205
-4.63803
-4.59707
-4.54235
-4.48511
-4.43911
-4.41408
-4.41537
-4.43653
-4.46786
-4.5029
-4.53847
-4.57307
-4.6076
-4.63967
-4.6652
-4.67591
-4.66854
-4.64216
-4.60056
-4.54952
-4.49882
-4.45375
-4.42921
-4.43127
-4.45392
-4.48528
-4.51828
-4.54428
-4.56336
-4.57637
-4.58224
-4.58236
-4.57667
-4.56204
-4.54274
-4.51759
-4.48861
-4.45963
-4.43475
-4.4256
-4.43593
-4.46287
-4.50223
-4.55045
-4.60118
-4.65133
-4.69567
-4.72865
-4.75041
-4.7633
-4.76213
-4.74457
-4.70806
-4.6525
-4.58133
-4.50298
-4.42933
-4.36943
-4.3272
-4.3039
-4.30096
-4.31374
-4.33771
-4.36818
-4.40149
-4.43422
-4.46689
-4.49936
-4.52972
-4.55606
-4.57718
-4.58827
-4.58909
-4.58
-4.56315
-4.54715
-4.53441
-4.52599
-4.52104
-4.51783
-4.51412
-4.51183
-4.50451
-4.48941
-4.467
-4.43529
-4.3959
-4.35261
-4.30993
-4.27026
-4.23886
-4.22518
-4.23243
-4.26601
-4.32142
-4.38803
-4.45281
-4.50135
-4.52488
-4.52193
-4.49928
-4.46471
-4.42793
-4.3915
-4.35848
-4.33642
-4.32603
-4.32908
-4.34272
-4.3644
-4.38956
-4.41715
-4.44159
-4.45846
-4.46973
-4.4756
-4.47725
-4.47634
-4.47457
-4.47206
-4.46863
-4.46706
-4.46706
-4.4731
-4.48516
-4.50108
-4.51794
-4.53245
-4.53952
-4.53715
-4.52886
-4.51432
-4.4941
-4.46672
-4.43558
-4.40256
-4.36993
-4.34636
-4.33748
-4.3475
-4.37434
-4.40805
-4.43969
-4.46647
-4.48843
-4.50916
-4.53094
-4.55456
-4.58353
-4.61597
-4.65022
-4.67835
-4.69429
-4.69594
-4.68566
-4.66306
-4.62661
-4.57742
-4.51527
-4.44449
-4.36892
-4.29654
-4.23485
-4.19278
-4.16942
-4.16038
-4.16155
-4.16457
-4.16536
-4.15742
-4.14619
-4.13179
-4.12214
-4.12278
-4.14059
-4.1731
-4.20823
-4.23434
-4.24399
-4.24085
-4.23364
-4.2285
-4.22755
-4.23759
-4.26972
-4.32435
-4.39097
-4.45395
-4.5077
-4.54869
-4.5774
-4.59853
-4.61435
-4.62458
-4.62663
-4.62098
-4.61225
-4.60298
-4.59582
-4.58922
-4.58122
-4.56642
-4.54202
-4.5072
-4.46239
-4.42074
-4.40063
-4.4104
-4.44538
-4.49445
-4.54655
-4.59532
-4.63689
-4.66435
-4.66659
-4.63775
-4.57924
-4.49766
-4.40434
-4.31585
-4.24965
-4.21766
-4.21827
-4.2408
-4.26742
-4.28537
-4.29177
-4.29448
-4.30347
-4.32276
-4.35018
-4.37849
-4.40578
-4.42987
-4.4507
-4.4692
-4.48489
-4.50321
-4.52134
-4.53546
-4.54244
-4.54098
-4.53335
-4.52118
-4.50554
-4.48753
-4.4669
-4.44609
-4.42605
-4.40819
-4.39108
-4.36973
-4.343
-4.31508
-4.2854
-4.25674
-4.23411
-4.22148
-4.22541
-4.25103
-4.29735
-4.3592
-4.42681
-4.48645
-4.53763
-4.57834
-4.60935
-4.63305
-4.6483
-4.65254
-4.64396
-4.62231
-4.58831
-4.54451
-4.4967
-4.45689
-4.43303
-4.43283
-4.45441
-4.49263
-4.53186
-4.56697
-4.59418
-4.61215
-4.62798
-4.63746
-4.6477
-4.65545
-4.65982
-4.65995
-4.65335
-4.63886
-4.61652
-4.58871
-4.55872
-4.52778
-4.4997
-4.48042
-4.4732
-4.47808
-4.49267
-4.50241
-4.50179
-4.48302
-4.44487
-4.39381
-4.34188
-4.30445
-4.28887
-4.29351
-4.30908
-4.32371
-4.33284
-4.33671
-4.34247
-4.35598
-4.37768
-4.40472
-4.42656
-4.4352
-4.43008
-4.41287
-4.39268
-4.37878
-4.3793
-4.38999
-4.40302
-4.40759
-4.39769
-4.36984
-4.32998
-4.28573
-4.24088
-4.2031
-4.17437
-4.16033
-4.16142
-4.17855
-4.20595
-4.23877
-4.27383
-4.31357
-4.3495
-4.37614
-4.39021
-4.39701
-4.40171
-4.40976
-4.42011
-4.43431
-4.45126
-4.46588
-4.47529
-4.48035
-4.47946
-4.47633
-4.47836
-4.48673
-4.49889
-4.51338
-4.52496
-4.53537
-4.54351
-4.55067
-4.55398
-4.55117
-4.53772
-4.51709
-4.49233
-4.47029
-4.45643
-4.45545
-4.47071
-4.49652
-4.52591
-4.55217
-4.56926
-4.57776
-4.57656
-4.5675
-4.5528
-4.53505
-4.51635
-4.5016
-4.49265
-4.49037
-4.50129
-4.52335
-4.5579
-4.59616
-4.62683
-4.63877
-4.62985
-4.60261
-4.55988
-4.50599
-4.44652
-4.38201
-4.31505
-4.25735
-4.23062
-4.24393
-4.28063
-4.32014
-4.35449
-4.38793
-4.4258
-4.47343
-4.52515
-4.57621
-4.61964
-4.65275
-4.67331
-4.678
-4.66285
-4.6313
-4.59189
-4.55695
-4.53543
-4.528
-4.52789
-4.52963
-4.52594
-4.51444
-4.49601
-4.47509
-4.45186
-4.42488
-4.39414
-4.35859
-4.32528
-4.30257
-4.29643
-4.30796
-4.32907
-4.34719
-4.35477
-4.34971
-4.3364
-4.31662
-4.29526
-4.27424
-4.26053
-4.26298
-4.28034
-4.30783
-4.34448
-4.38113
-4.41206
-4.43601
-4.45832
-4.47988
-4.50862
-4.54496
-4.58665
-4.6241
-4.65239
-4.66527
-4.67208
-4.67457
-4.67907
-4.68379
-4.68235
-4.66885
-4.64137
-4.59936
-4.54885
-4.49284
-4.44195
-4.40282
-4.38352
-4.38379
-4.40514
-4.44449
-4.48842
-4.52417
-4.53954
-4.52071
-4.46937
-4.40115
-4.35192
-4.34407
-4.36967
-4.40857
-4.43822
-4.445
-4.42912
-4.39405
-4.35038
-4.30873
-4.27936
-4.26838
-4.27241
-4.28612
-4.30477
-4.32202
-4.33834
-4.35392
-4.37122
-4.3875
-4.4023
-4.41178
-4.41917
-4.42677
-4.43201
-4.42626
-4.40415
-4.36406
-4.31583
-4.27411
-4.25319
-4.25484
-4.27445
-4.29755
-4.31421
-4.32101
-4.32478
-4.33193
-4.3529
-4.39346
-4.45283
-4.52319
-4.59126
-4.64522
-4.6756
-4.68241
-4.6672
-4.63364
-4.58656
-4.53397
-4.47687
-4.42245
-4.37551
-4.34892
-4.35097
-4.38043
-4.42567
-4.46943
-4.49904
-4.51238
-4.51044
-4.49986
-4.48514
-4.4681
-4.4467
-4.42486
-4.40578
-4.39336
-4.38643
-4.37993
-4.3755
-4.37122
-4.36739
-4.36415
-4.35669
-4.33927
-4.30698
-4.2678
-4.24049
-4.23646
-4.2451
-4.25686
-4.27007
-4.2933
-4.32996
-4.37866
-4.4315
-4.48422
-4.53537
-4.58297
-4.62659
-4.65949
-4.67782
-4.68039
-4.66752
-4.64012
-4.6
-4.55293
-4.50445
-4.46998
-4.45684
-4.46563
-4.48516
-4.49887
-4.49224
-4.4663
-4.42158
-4.37141
-4.32798
-4.30328
-4.30198
-4.32324
-4.36427
-4.41275
-4.45849
-4.48925
-4.49736
-4.48196
-4.45094
-4.41376
-4.3778
-4.35148
-4.34293
-4.35384
-4.37868
-4.40843
-4.43303
-4.44663
-4.45045
-4.4447
-4.43477
-4.42385
-4.41421
-4.40528
-4.39269
-4.37064
-4.3371
-4.29244
-4.23977
-4.18754
-4.14752
-4.13954
-4.16681
-4.22054
-4.28494
-4.35078
-4.4104
-4.46162
-4.49885
-4.51919
-4.52458
-4.51877
-4.51234
-4.50961
-4.51308
-4.51178
-4.49476
-4.458
-4.40649
-4.34273
-4.27907
-4.22448
-4.19371
-4.19946
-4.24579
-4.32332
-4.41031
-4.49176
-4.55883
-4.60514
-4.62904
-4.63427
-4.62118
-4.59328
-4.54922
-4.49448
-4.4379
-4.3855
-4.34226
-4.31726
-4.31051
-4.32031
-4.33839
-4.35514
-4.36568
-4.37053
-4.36813
-4.36028
-4.3449
-4.32014
-4.28703
-4.2522
-4.22807
-4.23146
-4.27124
-4.34761
-4.43903
-4.52843
-4.59946
-4.6453
-4.66587
-4.66729
-4.65765
-4.64297
-4.62878
-4.61591
-4.60538
-4.59968
-4.59925
-4.60277
-4.60991
-4.62009
-4.62974
-4.63767
-4.6385
-4.6278
-4.60459
-4.56834
-4.52086
-4.468
-4.41884
-4.38485
-4.37501
-4.39362
-4.42869
-4.46546
-4.49264
-4.50582
-4.50355
-4.48921
-4.4665
-4.44242
-4.42225
-4.4087
-4.40068
-4.38877
-4.37297
-4.35458
-4.33519
-4.31727
-4.3116
-4.32542
-4.3591
-4.40932
-4.46242
-4.50688
-4.53273
-4.53964
-4.52913
-4.50922
-4.48598
-4.4627
-4.44542
-4.43283
-4.42309
-4.41363
-4.40302
-4.38775
-4.37636
-4.37151
-4.38405
-4.41394
-4.4546
-4.49962
-4.53784
-4.56574
-4.58036
-4.57692
-4.55178
-4.50782
-4.45827
-4.4193
-4.40494
-4.41494
-4.43937
-4.46147
-4.47737
-4.48365
-4.48197
-4.47364
-4.45853
-4.44008
-4.42393
-4.4143
-4.41336
-4.41327
-4.41499
-4.41553
-4.41985
-4.42719
-4.43909
-4.45207
-4.46359
-4.47257
-4.47298
-4.46253
-4.44196
-4.41698
-4.39232
-4.37098
-4.35714
-4.35354
-4.35819
-4.37324
-4.39496
-4.42189
-4.44919
-4.47
-4.47805
-4.47396
-4.45922
-4.43874
-4.42331
-4.42208
-4.43456
-4.45863
-4.48838
-4.51694
-4.53957
-4.5601
-4.57789
-4.59212
-4.60263
-4.60768
-4.6103
-4.60946
-4.5994
-4.57741
-4.54393
-4.50728
-4.4819
-4.4742
-4.47811
-4.48131
-4.4767
-4.46212
-4.4462
-4.42847
-4.40926
-4.38503
-4.35666
-4.33757
-4.33809
-4.3564
-4.37429
-4.37006
-4.33243
-4.26818
-4.19809
-4.1557
-4.15364
-4.18277
-4.22623
-4.27108
-4.31583
-4.36104
-4.40867
-4.45481
-4.49643
-4.52991
-4.56
-4.58107
-4.59186
-4.59008
-4.57167
-4.54505
-4.51932
-4.50182
-4.49585
-4.49498
-4.48918
-4.47383
-4.4506
-4.42329
-4.40091
-4.38135
-4.36804
-4.36023
-4.36142
-4.36931
-4.3822
-4.39777
-4.4116
-4.42227
-4.42942
-4.43651
-4.4431
-4.44653
-4.44797
-4.4447
-4.43944
-4.43408
-4.42956
-4.42548
-4.42284
-4.42221
-4.42205
-4.42352
-4.4277
-4.43807
-4.45155
-4.46353
-4.47006
-4.46587
-4.45106
-4.42452
-4.39088
-4.35631
-4.33398
-4.3344
-4.35776
-4.39597
-4.43785
-4.48169
-4.52362
-4.56007
-4.58048
-4.5779
-4.54989
-4.49922
-4.43614
-4.37109
-4.3076
-4.24788
-4.19375
-4.15369
-4.14212
-4.1655
-4.22441
-4.30216
-4.37617
-4.42954
-4.45832
-4.46628
-4.46059
-4.44546
-4.43205
-4.42329
-4.4221
-4.43019
-4.44286
-4.45749
-4.47071
-4.48083
-4.48761
-4.49203
-4.49849
-4.50407
-4.50524
-4.50072
-4.49156
-4.47955
-4.4695
-4.46284
-4.46438
-4.47697
-4.49646
-4.51939
-4.54006
-4.55442
-4.56145
-4.56215
-4.55876
-4.54784
-4.53146
-4.50979
-4.48513
-4.46288
-4.44889
-4.45029
-4.47524
-4.52034
-4.57284
-4.62197
-4.65804
-4.6779
-4.68104
-4.66881
-4.64123
-4.60529
-4.5642
-4.52623
-4.5007
-4.48609
-4.4807
-4.47507
-4.46674
-4.45039
-4.4247
-4.3897
-4.35439
-4.33365
-4.34097
-4.38474
-4.4575
-4.54351
-4.62545
-4.688
-4.72346
-4.7301
-4.71618
-4.68638
-4.65238
-4.61716
-4.58698
-4.56674
-4.55351
-4.54546
-4.5385
-4.53048
-4.51955
-4.50346
-4.48111
-4.45282
-4.4236
-4.40363
-4.4034
-4.42442
-4.45002
-4.4705
-4.47784
-4.47282
-4.46384
-4.46132
-4.46286
-4.45738
-4.43234
-4.37932
-4.29786
-4.20101
-4.11043
-4.04865
-4.02644
-4.03218
-4.0521
-4.07853
-4.11272
-4.15512
-4.20673
-4.2637
-4.32499
-4.38689
-4.44215
-4.4881
-4.52466
-4.55449
-4.57601
-4.58925
-4.59005
-4.57711
-4.55172
-4.52162
-4.4905
-4.46445
-4.45009
-4.45524
-4.48228
-4.5206
-4.55303
-4.56589
-4.54416
-4.48559
-4.39204
-4.27554
-4.17299
-4.13058
-4.15971
-4.2219
-4.27752
-4.31036
-4.32153
-4.31815
-4.30672
-4.29338
-4.28264
-4.27525
-4.26848
-4.26265
-4.25358
-4.24605
-4.24395
-4.2485
-4.25976
-4.27252
-4.28553
-4.29527
-4.29992
-4.28888
-4.25576
-4.2198
-4.21523
-4.25198
-4.30452
-4.34803
-4.38277
-4.41297
-4.43665
-4.45194
-4.45136
-4.43689
-4.41151
-4.38455
-4.36888
-4.36958
-4.38542
-4.40561
-4.41781
-4.41899
-4.41359
-4.40455
-4.39507
-4.3848
-4.37236
-4.35548
-4.33221
-4.30625
-4.28202
-4.2684
-4.27249
-4.29273
-4.31832
-4.33983
-4.35076
-4.35476
-4.35488
-4.35624
-4.36012
-4.36474
-4.37058
-4.37029
-4.36379
-4.34959
-4.32362
-4.29155
-4.26135
-4.24937
-4.27277
-4.32829
-4.40168
-4.47386
-4.52631
-4.55721
-4.56882
-4.56355
-4.55089
-4.53549
-4.52541
-4.52043
-4.51538
-4.50393
-4.48568
-4.46277
-4.4418
-4.42712
-4.41672
-4.40753
-4.39856
-4.38763
-4.37683
-4.36699
-4.35577
-4.34339
-4.32822
-4.31401
-4.30697
-4.30981
-4.31839
-4.33001
-4.33793
-4.34145
-4.3382
-4.33188
-4.32968
-4.33809
-4.36522
-4.40457
-4.44046
-4.46295
-4.467
-4.45855
-4.44205
-4.42612
-4.41665
-4.41964
-4.43804
-4.47239
-4.52146
-4.57611
-4.6237
-4.65303
-4.66031
-4.64832
-4.62002
-4.58065
-4.53471
-4.49007
-4.45222
-4.42152
-4.39491
-4.371
-4.34804
-4.33404
-4.33991
-4.36627
-4.40732
-4.45088
-4.48604
-4.50431
-4.50224
-4.486
-4.45687
-4.42486
-4.39743
-4.38565
-4.39786
-4.43437
-4.48314
-4.52259
-4.54041
-4.53116
-4.49943
-4.45278
-4.39928
-4.34831
-4.30583
-4.2805
-4.27396
-4.28455
-4.30338
-4.32468
-4.34055
-4.3446
-4.33174
-4.30572
-4.27557
-4.25445
-4.25503
-4.27974
-4.3189
-4.3672
-4.41877
-4.46492
-4.49571
-4.49985
-4.47573
-4.43022
-4.37867
-4.32936
-4.28558
-4.248
-4.215
-4.1891
-4.17624
-4.18381
-4.20975
-4.23993
-4.26079
-4.26475
-4.2534
-4.23717
-4.22455
-4.22146
-4.23398
-4.26582
-4.30842
-4.35003
-4.37665
-4.38484
-4.37526
-4.35626
-4.33022
-4.30536
-4.29165
-4.29763
-4.33156
-4.39434
-4.47044
-4.5414
-4.59262
-4.6191
-4.62079
-4.59566
-4.54094
-4.45173
-4.3391
-4.21912
-4.12112
-4.07103
-4.07595
-4.13362
-4.22854
-4.34251
-4.45226
-4.54749
-4.6232
-4.67598
-4.70876
-4.72178
-4.71834
-4.71044
-4.7051
-4.70572
-4.7078
-4.70755
-4.70113
-4.69303
-4.68615
-4.67775
-4.66569
-4.65271
-4.64066
-4.63486
-4.63701
-4.63698
-4.62564
-4.60087
-4.56533
-4.53162
-4.50717
-4.49434
-4.49075
-4.49243
-4.49918
-4.50605
-4.51268
-4.51523
-4.51186
-4.50459
-4.50264
-4.51313
-4.53833
-4.57425
-4.61463
-4.64966
-4.67436
-4.68121
-4.67043
-4.6426
-4.60334
-4.55638
-4.50195
-4.44083
-4.37257
-4.29991
-4.23018
-4.1792
-4.15509
-4.16268
-4.19015
-4.22816
-4.26421
-4.28852
-4.29502
-4.28339
-4.26257
-4.24514
-4.23778
-4.24091
-4.2532
-4.27004
-4.29104
-4.3119
-4.33144
-4.34406
-4.35357
-4.36085
-4.37151
-4.38681
-4.40482
-4.42156
-4.43789
-4.4548
-4.47099
-4.49035
-4.51415
-4.53885
-4.56068
-4.5759
-4.5816
-4.58435
-4.58684
-4.59042
-4.59338
-4.58719
-4.57414
-4.55498
-4.52627
-4.49575
-4.46386
-4.43585
-4.41924
-4.4183
-4.42937
-4.44603
-4.4617
-4.47302
-4.47718
-4.47066
-4.45015
-4.41456
-4.36513
-4.31469
-4.27702
-4.2573
-4.25507
-4.26662
-4.29082
-4.32236
-4.35152
-4.37069
-4.37589
-4.36971
-4.35957
-4.35369
-4.35549
-4.36866
-4.39553
-4.43168
-4.47525
-4.51925
-4.55598
-4.58137
-4.58932
-4.57834
-4.5476
-4.49887
-4.44472
-4.40057
-4.37165
-4.35494
-4.33838
-4.314
-4.27679
-4.23071
-4.19776
-4.20244
-4.24545
-4.30601
-4.35833
-4.38654
-4.38654
-4.36132
-4.32708
-4.29764
-4.28713
-4.29675
-4.32271
-4.35606
-4.39434
-4.43968
-4.49374
-4.55182
-4.60401
-4.64095
-4.65918
-4.65838
-4.64364
-4.61683
-4.58589
-4.55055
-4.51118
-4.46754
-4.4219
-4.38856
-4.37258
-4.37281
-4.37752
-4.3742
-4.35611
-4.32428
-4.28608
-4.26663
-4.28697
-4.34693
-4.42293
-4.49298
-4.54636
-4.58199
-4.60103
-4.60456
-4.5976
-4.58507
-4.57421
-4.56878
-4.5653
-4.55973
-4.54643
-4.52858
-4.51275
-4.50457
-4.50042
-4.4922
-4.48034
-4.46438
-4.45172
-4.44551
-4.45428
-4.47604
-4.50672
-4.53891
-4.56769
-4.58384
-4.58422
-4.56974
-4.54301
-4.50508
-4.46082
-4.41506
-4.37128
-4.33447
-4.30962
-4.29956
-4.29642
-4.29968
-4.30791
-4.32433
-4.35216
-4.3881
-4.42695
-4.45472
-4.46807
-4.46668
-4.45882
-4.45041
-4.44902
-4.4573
-4.47683
-4.50353
-4.52357
-4.52611
-4.51099
-4.48354
-4.45404
-4.42772
-4.406
-4.38696
-4.36703
-4.34226
-4.31516
-4.29072
-4.27651
-4.27634
-4.29277
-4.32401
-4.35996
-4.39611
-4.42899
-4.4593
-4.48316
-4.50289
-4.51452
-4.5154
-4.50331
-4.47599
-4.44147
-4.40703
-4.3772
-4.35191
-4.32763
-4.30554
-4.28513
-4.26649
-4.25137
-4.23746
-4.2324
-4.24054
-4.26506
-4.30652
-4.35959
-4.41028
-4.44316
-4.44714
-4.42084
-4.36912
-4.30133
-4.22735
-4.15644
-4.1025
-4.07852
-4.07885
-4.09319
-4.11985
-4.16178
-4.22135
-4.29244
-4.35879
-4.40896
-4.43262
-4.42767
-4.40153
-4.37365
-4.36111
-4.36725
-4.38075
-4.38685
-4.38059
-4.37183
-4.37336
-4.3934
-4.43205
-4.4791
-4.52167
-4.556
-4.58008
-4.59438
-4.60223
-4.60632
-4.60947
-4.60353
-4.58458
-4.55274
-4.50781
-4.45205
-4.38926
-4.32842
-4.27397
-4.22977
-4.20401
-4.19796
-4.21226
-4.23583
-4.25995
-4.27996
-4.29746
-4.32133
-4.35022
-4.38036
-4.40037
-4.40492
-4.39766
-4.38739
-4.38654
-4.40159
-4.4338
-4.47328
-4.51
-4.53595
-4.54578
-4.54099
-4.52736
-4.51482
-4.50611
-4.50048
-4.49251
-4.47874
-4.45834
-4.4354
-4.41117
-4.38975
-4.37634
-4.37556
-4.38951
-4.41201
-4.43669
-4.45884
-4.48287
-4.50309
-4.51556
-4.5118
-4.48916
-4.44995
-4.40318
-4.36069
-4.33626
-4.33234
-4.3511
-4.38333
-4.42332
-4.45818
-4.48002
-4.48706
-4.48481
-4.48095
-4.48232
-4.48812
-4.49329
-4.49553
-4.48871
-4.47158
-4.4412
-4.39733
-4.34259
-4.28581
-4.24094
-4.21817
-4.22164
-4.25196
-4.29879
-4.35086
-4.39829
-4.43374
-4.45643
-4.46702
-4.46991
-4.46938
-4.46824
-4.46721
-4.46749
-4.46987
-4.48155
-4.50276
-4.52731
-4.54639
-4.55719
-4.56765
-4.5939
-4.6349
-4.6763
-4.70838
-4.72447
-4.725
-4.71723
-4.7058
-4.69524
-4.69364
-4.69976
-4.70487
-4.70083
-4.68594
-4.66035
-4.63149
-4.60481
-4.58201
-4.56106
-4.5412
-4.52765
-4.52669
-4.54375
-4.57088
-4.59404
-4.60343
-4.59178
-4.55707
-4.50727
-4.44707
-4.38503
-4.33075
-4.29682
-4.28859
-4.3
-4.3234
-4.34403
-4.3554
-4.35514
-4.34773
-4.34129
-4.342
-4.35033
-4.36744
-4.38938
-4.41859
-4.4488
-4.46745
-4.46851
-4.44897
-4.41358
-4.37451
-4.34439
-4.33171
-4.33952
-4.36052
-4.38667
-4.41428
-4.43764
-4.45576
-4.46565
-4.46763
-4.46112
-4.44883
-4.43821
-4.43438
-4.43506
-4.4384
-4.44264
-4.44825
-4.45388
-4.45705
-4.45289
-4.43811
-4.41081
-4.37542
-4.33378
-4.29367
-4.26158
-4.24768
-4.26455
-4.31651
-4.39138
-4.46843
-4.5265
-4.55553
-4.55634
-4.54147
-4.5187
-4.49169
-4.46051
-4.43126
-4.41574
-4.41747
-4.42914
-4.44379
-4.45268
-4.45951
-4.46493
-4.4696
-4.46979
-4.45736
-4.4338
-4.41031
-4.39109
-4.38004
-4.37743
-4.3808
-4.38687
-4.38974
-4.38552
-4.37769
-4.36932
-4.36472
-4.36692
-4.37598
-4.39423
-4.42835
-4.47791
-4.53472
-4.58427
-4.61513
-4.62382
-4.60777
-4.57334
-4.53275
-4.49389
-4.46089
-4.43153
-4.4008
-4.37216
-4.35549
-4.35463
-4.36925
-4.3884
-4.40651
-4.41942
-4.4267
-4.43053
-4.43264
-4.43332
-4.43089
-4.42244
-4.40925
-4.39694
-4.38917
-4.38511
-4.3915
-4.4046
-4.42398
-4.44839
-4.47208
-4.49074
-4.50244
-4.50447
-4.50442
-4.50395
-4.50778
-4.51418
-4.52164
-4.52585
-4.52625
-4.51384
-4.48603
-4.44085
-4.38723
-4.34193
-4.32434
-4.34412
-4.39779
-4.46161
-4.51373
-4.54254
-4.54836
-4.53761
-4.52687
-4.51959
-4.51253
-4.50298
-4.48991
-4.47395
-4.45884
-4.44463
-4.43173
-4.42519
-4.42507
-4.43449
-4.44941
-4.46125
-4.46626
-4.46133
-4.45028
-4.43706
-4.42344
-4.40277
-4.37229
-4.32965
-4.27895
-4.2249
-4.17386
-4.13081
-4.09853
-4.0753
-4.06215
-4.06334
-4.07694
-4.1049
-4.15061
-4.21192
-4.28843
-4.37567
-4.4637
-4.53761
-4.58273
-4.58892
-4.56051
-4.50408
-4.43101
-4.35498
-4.28614
-4.23556
-4.2168
-4.23463
-4.28013
-4.33492
-4.38743
-4.42772
-4.45435
-4.47051
-4.47851
-4.4746
-4.45701
-4.4265
-4.39684
-4.38825
-4.41116
-4.46588
-4.5337
-4.60074
-4.65109
-4.67475
-4.66489
-4.62833
-4.57417
-4.52107
-4.48683
-4.47842
-4.49305
-4.51731
-4.54091
-4.55975
-4.56629
-4.55815
-4.53175
-4.48869
-4.43235
-4.37486
-4.32808
-4.30553
-4.31356
-4.3511
-4.40857
-4.47158
-4.52598
-4.56387
-4.58463
-4.59041
-4.58247
-4.56697
-4.5428
-4.51458
-4.47511
-4.42598
-4.37052
-4.32333
-4.29651
-4.29408
-4.30208
-4.30817
-4.30288
-4.28407
-4.25974
-4.2382
-4.22493
-4.2184
-4.2123
-4.19759
-4.16669
-4.12976
-4.10827
-4.11791
-4.16598
-4.23965
-4.32284
-4.39974
-4.45875
-4.49002
-4.49605
-4.48471
-4.46261
-4.43771
-4.41904
-4.41704
-4.43767
-4.47514
-4.51575
-4.54469
-4.55423
-4.54671
-4.52747
-4.50636
-4.49195
-4.49409
-4.51525
-4.55819
-4.61835
-4.68395
-4.74268
-4.78932
-4.81811
-4.82782
-4.81676
-4.78483
-4.73122
-4.65374
-4.5555
-4.44033
-4.31596
-4.19415
-4.09132
-4.02282
-3.99502
-4.01141
-4.06516
-4.13768
-4.21172
-4.28009
-4.35106
-4.4283
-4.50979
-4.57923
-4.61936
-4.62639
-4.60617
-4.56682
-4.52377
-4.49234
-4.48227
-4.48679
-4.49248
-4.49041
-4.48253
-4.47205
-4.46022
-4.4529
-4.44834
-4.44904
-4.45553
-4.46621
-4.48273
-4.49723
-4.50749
-4.51117
-4.50748
-4.50443
-4.50933
-4.52966
-4.56675
-4.61267
-4.65612
-4.68631
-4.69723
-4.685
-4.64704
-4.58808
-4.51476
-4.43739
-4.36957
-4.31563
-4.27859
-4.25739
-4.24308
-4.22968
-4.20977
-4.1863
-4.16236
-4.14524
-4.139
-4.14325
-4.15904
-4.18738
-4.22712
-4.27905
-4.33735
-4.38912
-4.43166
-4.46093
-4.47677
-4.48406
-4.48232
-4.4762
-4.47223
-4.48069
-4.50238
-4.52575
-4.53972
-4.54354
-4.5374
-4.52505
-4.4999
-4.46124
-4.40734
-4.34665
-4.28943
-4.24699
-4.22735
-4.22967
-4.24934
-4.27899
-4.31583
-4.35588
-4.3949
-4.42715
-4.44899
-4.46046
-4.46724
-4.47405
-4.47942
-4.48499
-4.48913
-4.49097
-4.4922
-4.48827
-4.47906
-4.46351
-4.4382
-4.40177
-4.35465
-4.3023
-4.24932
-4.21114
-4.19149
-4.19257
-4.20942
-4.23251
-4.25474
-4.26615
-4.26315
-4.24477
-4.21561
-4.17791
-4.14253
-4.13217
-4.16982
-4.25456
-4.36302
-4.46849
-4.55064
-4.60181
-4.62584
-4.6323
-4.63235
-4.63285
-4.63013
-4.61723
-4.58979
-4.54509
-4.48773
-4.42794
-4.37752
-4.34518
-4.33375
-4.33983
-4.35459
-4.37057
-4.38039
-4.38217
-4.38206
-4.38023
-4.37926
-4.37695
-4.37707
-4.38197
-4.39748
-4.42709
-4.47022
-4.51747
-4.55819
-4.58636
-4.59829
-4.59354
-4.57799
-4.55812
-4.53588
-4.51219
-4.48424
-4.45345
-4.41858
-4.38509
-4.3569
-4.33681
-4.32888
-4.3309
-4.3417
-4.35243
-4.35834
-4.35298
-4.33819
-4.31636
-4.29425
-4.2804
-4.27739
-4.28205
-4.28799
-4.29151
-4.2923
-4.28737
-4.27692
-4.26027
-4.23834
-4.21786
-4.20565
-4.20213
-4.20713
-4.21446
-4.21928
-4.21687
-4.21287
-4.21363
-4.22402
-4.24429
-4.27656
-4.32025
-4.37441
-4.43745
-4.49524
-4.53718
-4.55542
-4.54304
-4.50264
-4.44488
-4.3839
-4.33916
-4.32864
-4.35146
-4.40161
-4.46912
-4.53495
-4.58527
-4.61059
-4.61258
-4.5913
-4.55844
-4.51936
-4.48667
-4.46889
-4.47363
-4.49679
-4.52605
-4.54365
-4.53931
-4.50834
-4.46089
-4.40917
-4.3639
-4.33191
-4.31447
-4.30832
-4.30536
-4.28956
-4.25564
-4.21402
-4.18523
-4.18675
-4.22186
-4.28373
-4.35302
-4.41864
-4.47134
-4.50906
-4.52842
-4.53899
-4.54532
-4.5509
-4.55594
-4.55419
-4.54033
-4.51323
-4.47522
-4.43006
-4.38794
-4.3592
-4.35205
-4.36994
-4.40925
-4.45341
-4.49276
-4.51925
-4.52664
-4.51284
-4.48128
-4.43697
-4.38958
-4.34536
-4.30853
-4.28257
-4.26916
-4.27128
-4.29106
-4.32145
-4.35456
-4.38312
-4.40187
-4.40865
-4.40273
-4.39036
-4.37471
-4.36347
-4.36263
-4.37584
-4.40425
-4.44168
-4.47945
-4.50805
-4.52004
-4.51364
-4.48749
-4.44816
-4.4042
-4.36811
-4.3478
-4.34418
-4.35548
-4.37728
-4.40185
-4.42587
-4.4432
-4.45019
-4.44643
-4.42884
-4.39984
-4.36381
-4.33
-4.30499
-4.29483
-4.29952
-4.31548
-4.33702
-4.36169
-4.38966
-4.41814
-4.44522
-4.46835
-4.4849
-4.49081
-4.4796
-4.448
-4.39684
-4.3384
-4.28631
-4.25964
-4.26918
-4.31069
-4.36546
-4.41171
-4.43851
-4.4459
-4.44056
-4.4296
-4.42286
-4.42471
-4.43343
-4.45038
-4.47176
-4.49341
-4.50307
-4.49077
-4.45224
-4.39481
-4.33619
-4.29687
-4.29293
-4.32318
-4.37663
-4.43444
-4.48404
-4.5148
-4.52982
-4.53075
-4.5283
-4.52327
-4.51406
-4.49913
-4.4767
-4.44954
-4.41769
-4.38584
-4.35747
-4.33327
-4.31528
-4.30618
-4.30882
-4.32354
-4.34774
-4.37882
-4.41158
-4.43793
-4.44514
-4.42978
-4.3997
-4.3807
-4.38778
-4.41282
-4.43443
-4.44238
-4.42992
-4.40584
-4.37944
-4.35998
-4.34972
-4.34803
-4.35124
-4.35738
-4.36325
-4.37023
-4.38396
-4.40519
-4.43371
-4.46543
-4.48881
-4.49182
-4.47217
-4.43606
-4.39859
-4.37433
-4.36511
-4.3677
-4.37412
-4.38626
-4.41697
-4.47545
-4.55513
-4.63281
-4.69351
-4.72831
-4.73584
-4.7178
-4.68571
-4.64956
-4.60974
-4.56811
-4.5266
-4.49799
-4.48857
-4.49881
-4.52102
-4.53618
-4.53815
-4.5313
-4.5279
-4.53763
-4.55531
-4.57038
-4.57035
-4.5494
-4.502
-4.43533
-4.37
-4.32094
-4.29306
-4.27682
-4.26382
-4.25091
-4.23751
-4.22843
-4.23392
-4.25933
-4.31091
-4.37916
-4.44829
-4.4961
-4.51571
-4.50465
-4.47577
-4.44154
-4.41285
-4.39368
-4.38169
-4.37594
-4.37491
-4.37301
-4.36718
-4.35585
-4.33829
-4.32158
-4.31448
-4.32767
-4.36585
-4.41477
-4.46194
-4.49502
-4.51279
-4.51542
-4.50881
-4.50165
-4.49673
-4.49462
-4.49432
-4.49215
-4.48389
-4.47074
-4.45374
-4.44435
-4.45123
-4.47618
-4.51371
-4.54702
-4.56372
-4.5592
-4.53499
-4.49983
-4.46289
-4.43391
-4.41339
-4.39732
-4.37901
-4.35535
-4.33048
-4.31152
-4.30358
-4.30833
-4.32376
-4.34654
-4.37409
-4.40629
-4.4331
-4.45085
-4.45467
-4.45014
-4.44335
-4.43899
-4.43653
-4.43186
-4.42527
-4.41619
-4.40814
-4.40254
-4.40157
-4.4051
-4.4099
-4.41749
-4.42701
-4.43239
-4.42739
-4.41006
-4.39055
-4.37755
-4.37157
-4.36934
-4.35987
-4.33663
-4.30184
-4.26408
-4.23132
-4.21369
-4.21309
-4.22536
-4.24403
-4.26399
-4.28946
-4.31992
-4.35636
-4.40133
-4.45501
-4.51614
-4.57668
-4.62702
-4.66284
-4.68584
-4.69288
-4.68568
-4.66272
-4.63088
-4.59858
-4.57195
-4.5555
-4.54423
-4.53825
-4.54022
-4.5497
-4.56211
-4.56665
-4.55886
-4.53275
-4.48705
-4.42766
-4.36286
-4.30168
-4.24924
-4.20875
-4.18223
-4.16739
-4.17007
-4.18661
-4.21716
-4.25255
-4.28698
-4.31528
-4.33535
-4.34526
-4.34622
-4.3424
-4.33945
-4.34092
-4.34526
-4.35051
-4.35917
-4.36803
-4.37789
-4.3866
-4.38876
-4.38428
-4.37091
-4.34797
-4.32021
-4.29423
-4.2758
-4.27135
-4.28966
-4.33323
-4.39528
-4.46087
-4.5191
-4.55926
-4.57392
-4.56603
-4.54123
-4.50833
-4.4747
-4.44698
-4.42332
-4.40023
-4.38094
-4.36982
-4.36916
-4.37996
-4.39662
-4.41508
-4.4325
-4.4471
-4.4552
-4.45523
-4.44616
-4.43234
-4.41852
-4.40431
-4.39155
-4.37577
-4.35372
-4.32307
-4.28241
-4.23315
-4.18338
-4.1434
-4.12085
-4.12176
-4.14394
-4.18113
-4.22335
-4.26119
-4.28462
-4.29261
-4.28421
-4.26601
-4.2467
-4.23767
-4.24744
-4.27539
-4.31128
-4.34464
-4.36484
-4.36589
-4.35124
-4.33036
-4.31618
-4.31825
-4.33988
-4.37132
-4.40511
-4.43099
-4.44811
-4.45236
-4.44574
-4.4328
-4.41924
-4.40916
-4.39869
-4.38107
-4.35156
-4.30634
-4.25377
-4.19928
-4.15527
-4.12857
-4.12272
-4.13882
-4.16695
-4.19924
-4.22749
-4.2457
-4.25231
-4.25051
-4.25158
-4.26533
-4.29776
-4.34709
-4.40946
-4.47263
-4.5231
-4.55507
-4.56355
-4.54568
-4.50736
-4.45626
-4.40234
-4.35301
-4.32024
-4.30825
-4.31851
-4.34659
-4.37411
-4.38517
-4.36158
-4.30706
-4.24763
-4.21725
-4.22412
-4.25535
-4.29887
-4.34627
-4.39133
-4.43104
-4.46511
-4.49268
-4.5091
-4.51354
-4.50829
-4.49392
-4.47701
-4.46167
-4.45156
-4.45296
-4.4622
-4.47603
-4.49012
-4.50117
-4.51316
-4.52935
-4.54858
-4.5702
-4.59551
-4.62186
-4.64846
-4.66421
-4.66237
-4.63327
-4.57989
-4.51569
-4.45926
-4.42701
-4.41946
-4.42847
-4.4426
-4.45048
-4.44728
-4.42432
-4.38427
-4.33475
-4.28727
-4.25068
-4.23028
-4.22481
-4.23315
-4.25
-4.27369
-4.30238
-4.33733
-4.37532
-4.41002
-4.43776
-4.45524
-4.4661
-4.47321
-4.47592
-4.48068
-4.4906
-4.50628
-4.52518
-4.541
-4.54786
-4.53998
-4.51774
-4.48235
-4.44229
-4.4062
-4.37619
-4.34499
-4.30675
-4.26517
-4.23616
-4.23411
-4.26097
-4.30981
-4.37066
-4.43765
-4.50565
-4.56675
-4.61461
-4.64734
-4.65905
-4.64946
-4.61688
-4.56541
-4.50295
-4.438
-4.38505
-4.35439
-4.34772
-4.35898
-4.37065
-4.37665
-4.3715
-4.36214
-4.35924
-4.36917
-4.39655
-4.43846
-4.48717
-4.52949
-4.55816
-4.57255
-4.57405
-4.56807
-4.56077
-4.55429
-4.54916
-4.54328
-4.53495
-4.52081
-4.49893
-4.4728
-4.44857
-4.4347
-4.43564
-4.45338
-4.47184
-4.48254
-4.48659
-4.48537
-4.49024
-4.50017
-4.5059
-4.50133
-4.48048
-4.45022
-4.42918
-4.42935
-4.45416
-4.49035
-4.51985
-4.53401
-4.532
-4.52024
-4.50427
-4.49469
-4.49378
-4.49825
-4.50559
-4.50968
-4.51103
-4.51416
-4.51515
-4.50641
-4.48702
-4.45765
-4.42867
-4.40776
-4.39999
-4.40526
-4.424
-4.45032
-4.48036
-4.50921
-4.53676
-4.5594
-4.57416
-4.5804
-4.58373
-4.58498
-4.58698
-4.5916
-4.60028
-4.61099
-4.61957
-4.62127
-4.61435
-4.59945
-4.57769
-4.55684
-4.53906
-4.53228
-4.53927
-4.55618
-4.57765
-4.59476
-4.60295
-4.60405
-4.60454
-4.60629
-4.6156
-4.63206
-4.65392
-4.67432
-4.68557
-4.68398
-4.66769
-4.64464
-4.62021
-4.60247
-4.5897
-4.57478
-4.54816
-4.50849
-4.4555
-4.39999
-4.34759
-4.31126
-4.29696
-4.30492
-4.32846
-4.35954
-4.38895
-4.41033
-4.42531
-4.43857
-4.45166
-4.46825
-4.48665
-4.50595
-4.5268
-4.54906
-4.56755
-4.57551
-4.56775
-4.54405
-4.50634
-4.45916
-4.41036
-4.36655
-4.33718
-4.32694
-4.33742
-4.3641
-4.39662
-4.42521
-4.44202
-4.44513
-4.43933
-4.43097
-4.42949
-4.43663
-4.45476
-4.47475
-4.49027
-4.49704
-4.49823
-4.49985
-4.51113
-4.5336
-4.56445
-4.59537
-4.61652
-4.61901
-4.60285
-4.56889
-4.52658
-4.48223
-4.44568
-4.42164
-4.40501
-4.39554
-4.39057
-4.3929
-4.40419
-4.41838
-4.42765
-4.43079
-4.42758
-4.42023
-4.41256
-4.40343
-4.38819
-4.36017
-4.31342
-4.25283
-4.18664
-4.13052
-4.09825
-4.09375
-4.11169
-4.14091
-4.16973
