2.84778
2.84006
2.82631
2.80557
2.7764
2.73684
2.68444
2.61647
2.53039
2.42447
2.29877
2.15638
2.00429
1.85326
1.71585
1.60333
1.52267
1.47536
1.4581
1.46463
1.4875
1.51934
1.55378
1.58584
1.61229
1.63164
1.64404
1.65097
1.65455
1.65679
1.65885
1.66068
1.66117
1.65845
1.65041
1.6354
1.61303
1.58476
1.5538
1.5241
1.49891
1.47977
1.46665
1.45895
1.45637
1.45918
1.46762
1.48117
1.49831
1.51665
1.53347
1.54637
1.5536
1.55428
1.54859
1.53793
1.52483
1.51235
1.50291
1.49757
1.49609
1.49781
1.50212
1.50857
1.51651
1.52478
1.53183
1.53621
1.53729
1.53574
1.53354
1.53318
1.53649
1.54388
1.55425
1.56555
1.57559
1.58292
1.58739
1.58992
1.59181
1.59359
1.59466
1.59379
1.59044
1.58542
1.58042
1.57692
1.57568
1.57678
1.57988
1.58439
1.58955
1.59431
1.59754
1.59824
1.5957
1.5895
1.5796
1.56615
1.54948
1.52999
1.50811
1.4845
1.46052
1.43843
1.42112
1.41122
1.41045
1.41943
1.43755
1.46259
1.49081
1.518
1.54074
1.5569
1.56569
1.56742
1.56323
1.55503
1.54512
1.53569
1.52801
1.52208
1.51692
1.51168
1.50664
1.50331
1.50356
1.50871
1.51905
1.53401
1.55259
1.57352
1.5952
1.61574
1.63311
1.64555
1.65221
1.65368
1.65208
1.65027
1.65032
1.65216
1.65378
1.6527
1.64752
1.63869
1.62867
1.62089
1.61783
1.61961
1.62409
1.62814
1.62896
1.62471
1.61464
1.59899
1.5791
1.55796
1.54058
1.53265
1.53675
1.54954
1.56395
1.57436
1.57947
1.58166
1.58452
1.59043
1.59976
1.61148
1.62409
1.63633
1.64768
1.65857
1.66963
1.68011
1.68734
1.6879
1.67959
1.66267
1.64032
1.61815
1.60242
1.59705
1.60177
1.61284
1.62571
1.63722
1.64616
1.65237
1.65579
1.65574
1.65103
1.64045
1.62359
1.60125
1.57515
1.54721
1.51888
1.49129
1.46617
1.44609
1.43354
1.42962
1.43395
1.44572
1.46444
1.48984
1.52123
1.557
1.59471
1.63137
1.66413
1.69058
1.70917
1.71933
1.72148
1.71676
1.7067
1.69286
1.67657
1.65888
1.64072
1.62306
1.60698
1.59365
1.58417
1.57946
1.58018
1.58663
1.59855
1.61489
1.63387
1.65321
1.67052
1.68372
1.69144
1.6933
1.6897
1.68164
1.67057
1.65835
1.64744
1.64084
1.64102
1.64861
1.66193
1.67824
1.69499
1.71014
1.72178
1.72796
1.727
1.71839
1.70341
1.68487
1.66562
1.64713
1.62928
1.61134
1.59312
1.57516
1.55844
1.54393
1.53235
1.52426
1.52002
1.5196
1.52227
1.52651
1.53027
1.53134
1.52795
1.51927
1.50579
1.48939
1.47329
1.46165
1.45861
1.46701
1.48719
1.51652
1.54995
1.58147
1.60576
1.6194
1.6213
1.61268
1.59675
1.57827
1.56262
1.55423
1.55506
1.56407
1.57807
1.59354
1.60781
1.61926
1.62687
1.62978
1.62733
1.61952
1.6074
1.59298
1.57827
1.5644
1.55131
1.53892
1.52862
1.52364
1.5277
1.54239
1.56568
1.59253
1.61707
1.63456
1.64228
1.63963
1.62798
1.61041
1.5912
1.57503
1.56564
1.5646
1.57073
1.58075
1.59051
1.59612
1.59474
1.58494
1.56709
1.54341
1.51749
1.49329
1.47418
1.46236
1.45877
1.4634
1.47544
1.49338
1.51485
1.53674
1.55554
1.56807
1.5722
1.56771
1.55674
1.54378
1.5342
1.53196
1.53751
1.54776
1.55836
1.56615
1.57049
1.57282
1.57548
1.58031
1.5879
1.5975
1.60755
1.6165
1.62339
1.62796
1.63044
1.63123
1.63069
1.62926
1.6276
1.62661
1.62711
1.62937
1.63294
1.63684
1.63997
1.64148
1.64108
1.63899
1.63579
1.63211
1.62849
1.62539
1.62302
1.62131
1.61979
1.61766
1.61419
1.60897
1.60222
1.59476
1.58787
1.58285
1.58038
1.58008
1.5805
1.57995
1.57784
1.57545
1.57526
1.57912
1.5868
1.5965
1.60611
1.61414
1.61982
1.62303
1.62437
1.62506
1.62673
1.63081
1.63799
1.6479
1.65928
1.67047
1.67979
1.68576
1.68724
1.6835
1.67445
1.66063
1.64333
1.62444
1.6062
1.59068
1.57956
1.57374
1.57324
1.57717
1.5839
1.5914
1.59783
1.60195
1.60341
1.60272
1.6011
1.60008
1.60098
1.60428
1.60918
1.61348
1.61411
1.60809
1.59398
1.57307
1.54981
1.53052
1.52067
1.52243
1.53456
1.55427
1.579
1.60702
1.63703
1.66776
1.69768
1.72506
1.74829
1.76615
1.77783
1.7829
1.78107
1.77206
1.75585
1.73282
1.70406
1.67154
1.63801
1.60678
1.58092
1.56235
1.55106
1.54578
1.54542
1.54997
1.56041
1.57744
1.60025
1.62576
1.64903
1.66476
1.6693
1.66256
1.64902
1.63651
1.63207
1.63836
1.65336
1.67245
1.69036
1.70247
1.70586
1.69978
1.68542
1.66539
1.6431
1.62223
1.60613
1.59704
1.5956
1.60065
1.60966
1.61962
1.62775
1.63215
1.63195
1.62685
1.61645
1.60036
1.57911
1.55523
1.53338
1.51908
1.51658
1.52721
1.54941
1.57984
1.61441
1.64904
1.6805
1.70712
1.72887
1.74679
1.76207
1.77526
1.78577
1.79207
1.79236
1.78516
1.76988
1.74701
1.71798
1.68481
1.64968
1.61485
1.58252
1.55487
1.53379
1.52038
1.51444
1.51452
1.51853
1.52468
1.53206
1.54075
1.55156
1.56513
1.58093
1.5968
1.60955
1.61612
1.61469
1.60505
1.58865
1.56826
1.54723
1.52831
1.51245
1.49899
1.48669
1.4751
1.46516
1.45926
1.46049
1.47105
1.49084
1.51732
1.54664
1.57509
1.59969
1.61815
1.62874
1.63064
1.62449
1.61252
1.59807
1.58463
1.57467
1.56886
1.56604
1.56393
1.56026
1.55355
1.54343
1.53023
1.51445
1.49652
1.47721
1.45834
1.44325
1.43609
1.43992
1.45451
1.47611
1.49958
1.52099
1.53883
1.5537
1.56721
1.5807
1.59445
1.60766
1.61897
1.6272
1.63178
1.63287
1.63115
1.62748
1.62259
1.61688
1.61023
1.6021
1.59202
1.58008
1.56737
1.55599
1.54846
1.5469
1.55225
1.56373
1.57895
1.59442
1.60616
1.61038
1.60423
1.58644
1.55816
1.52345
1.48851
1.45945
1.4397
1.42918
1.42567
1.42699
1.43209
1.4411
1.45462
1.47299
1.49572
1.52143
1.54821
1.57413
1.59757
1.61705
1.6308
1.63662
1.63255
1.61813
1.59519
1.56812
1.54298
1.52582
1.52078
1.52911
1.54937
1.57823
1.61127
1.6437
1.67095
1.68945
1.69727
1.69444
1.68265
1.6648
1.64456
1.62603
1.61315
1.6084
1.61174
1.62039
1.63029
1.63807
1.6426
1.64515
1.64814
1.65293
1.6584
1.66124
1.65777
1.64575
1.62528
1.59873
1.57033
1.54506
1.52762
1.52103
1.52582
1.54002
1.56009
1.58198
1.60188
1.61661
1.62399
1.62311
1.61458
1.60054
1.58441
1.5702
1.56158
1.56099
1.56904
1.5846
1.60534
1.62833
1.65064
1.66957
1.68291
1.68896
1.68675
1.67611
1.65779
1.6332
1.60409
1.5724
1.54028
1.51035
1.48542
1.46797
1.45911
1.4579
1.46177
1.46762
1.47321
1.47788
1.48243
1.48858
1.49778
1.50977
1.52223
1.53222
1.53873
1.54383
1.55166
1.56569
1.58634
1.61048
1.63302
1.64888
1.65435
1.64765
1.62921
1.60183
1.57066
1.54263
1.52462
1.52118
1.53295
1.5568
1.58749
1.61965
1.64915
1.67358
1.69228
1.70598
1.71602
1.72352
1.72866
1.73063
1.72803
1.71943
1.70367
1.67993
1.64786
1.60809
1.5627
1.51548
1.47151
1.43595
1.41235
1.40127
1.40032
1.40563
1.41365
1.42223
1.43088
1.44048
1.45276
1.46969
1.49273
1.52205
1.55604
1.59166
1.62541
1.65426
1.67613
1.68993
1.69532
1.69245
1.68185
1.66444
1.64191
1.61689
1.59247
1.57101
1.55321
1.53815
1.52433
1.51095
1.4985
1.4886
1.48283
1.48184
1.48497
1.49067
1.49724
1.50319
1.50729
1.50872
1.50781
1.5066
1.50878
1.518
1.53551
1.55889
1.58355
1.6055
1.62289
1.63583
1.6452
1.65192
1.6565
1.65927
1.66054
1.66077
1.66064
1.66098
1.66253
1.6655
1.66944
1.6734
1.67629
1.67726
1.67598
1.67286
1.66902
1.66598
1.66497
1.66635
1.66966
1.67403
1.6784
1.6816
1.68237
1.67942
1.6718
1.65931
1.64273
1.62377
1.60439
1.58578
1.56775
1.54934
1.53049
1.51392
1.50497
1.50828
1.52358
1.54556
1.56817
1.58814
1.60494
1.61896
1.63018
1.63803
1.64182
1.6412
1.63616
1.62671
1.61289
1.59483
1.57319
1.54976
1.52775
1.51148
1.50469
1.50833
1.51954
1.53284
1.54265
1.5452
1.53925
1.52597
1.50842
1.49049
1.47564
1.46578
1.46166
1.46389
1.47379
1.49263
1.52049
1.55556
1.59441
1.63288
1.66701
1.69396
1.71242
1.72255
1.72531
1.72146
1.71103
1.69368
1.66948
1.63968
1.6068
1.57407
1.54445
1.51999
1.5019
1.49095
1.48731
1.49011
1.49751
1.50753
1.51878
1.53064
1.54274
1.55475
1.56635
1.57746
1.58837
1.59939
1.61036
1.62016
1.62672
1.62802
1.62315
1.6135
1.60281
1.59615
1.59747
1.60722
1.62199
1.63637
1.64531
1.64586
1.63776
1.62287
1.60395
1.58339
1.56316
1.54563
1.53422
1.53273
1.5435
1.56545
1.59385
1.62229
1.645
1.65832
1.66088
1.6532
1.63693
1.61405
1.58619
1.55442
1.51972
1.48363
1.44864
1.41782
1.39387
1.37796
1.36964
1.36772
1.37149
1.3808
1.39503
1.41218
1.42963
1.44587
1.4611
1.47624
1.49173
1.50716
1.52201
1.53619
1.55007
1.56364
1.57574
1.58396
1.58558
1.57873
1.5635
1.54243
1.52046
1.50375
1.49742
1.503
1.51777
1.53635
1.55351
1.56628
1.57494
1.58198
1.59004
1.59997
1.61034
1.61833
1.62125
2.83629
2.79541
2.73081
2.64938
2.56171
2.48046
2.41652
2.37489
2.35364
2.34603
2.34391
2.34036
2.33122
2.31588
2.29774
2.28277
2.27657
2.2812
2.29388
2.30837
2.31822
2.32018
2.3157
2.31025
2.31041
2.32002
2.33735
2.3561
2.36942
2.37271
2.36418
2.34454
2.31697
2.28626
2.25722
2.23295
2.21434
2.20105
2.19275
2.19004
2.19425
2.20656
2.22739
2.25571
2.28854
2.32159
2.35069
2.37328
2.38897
2.39893
2.40473
2.40775
2.40946
2.41179
2.41598
2.42046
2.42052
2.41117
2.39044
2.36058
2.32715
2.29679
2.27483
2.26378
2.26296
2.26853
2.27429
2.2736
2.26172
2.23713
2.20196
2.16134
2.12237
2.09302
2.08159
2.09385
2.12805
2.174
2.21879
2.25301
2.27361
2.28352
2.28907
2.29683
2.31135
2.33487
2.36669
2.40237
2.43438
2.45485
2.45849
2.44386
2.41325
2.37186
2.32727
2.28843
2.26374
2.25854
2.27425
2.30944
2.36077
2.4235
2.49158
2.55815
2.61655
2.66151
2.68983
2.70044
2.69428
2.67417
2.64434
2.60958
2.57372
2.53844
2.50374
2.46978
2.43859
2.41415
2.40033
2.39873
2.4077
2.4226
2.43681
2.44387
2.43934
2.42168
2.39211
2.35421
2.31329
2.27512
2.24388
2.22095
2.20556
2.19661
2.19408
2.19907
2.21303
2.23667
2.26903
2.30734
2.34746
2.38543
2.41903
2.44804
2.47272
2.49223
2.50437
2.50696
2.49971
2.48553
2.46978
2.4576
2.45067
2.4464
2.43948
2.42481
2.40028
2.3682
2.33451
2.30603
2.28763
2.28146
2.28775
2.30503
2.32957
2.35576
2.37769
2.39096
2.39392
2.38786
2.37624
2.36289
2.34994
2.33647
2.31917
2.29399
2.25846
2.21411
2.16801
2.13149
2.11503
2.12277
2.15181
2.19512
2.24405
2.29025
2.32777
2.35339
2.36521
2.36226
2.34572
2.31988
2.2906
2.26168
2.23342
2.20565
2.1811
2.16481
2.16115
2.17179
2.19562
2.22854
2.26372
2.29365
2.31295
2.31975
2.31575
2.30505
2.29275
2.28314
2.27829
2.27744
2.27753
2.275
2.268
2.258
2.25005
2.25088
2.2655
2.29422
2.3321
2.37128
2.40397
2.42505
2.43351
2.4327
2.42897
2.42887
2.4362
2.4508
2.46934
2.48728
2.50058
2.50673
2.5047
2.49463
2.47738
2.45432
2.42761
2.40014
2.37427
2.34998
2.32423
2.2934
2.2576
2.22308
2.2006
2.20068
2.2285
2.28144
2.35009
2.4224
2.48774
2.53898
2.57236
2.58648
2.58133
2.55779
2.51791
2.46575
2.4079
2.35252
2.30673
2.27444
2.2556
2.24709
2.24507
2.24812
2.25794
2.27665
2.30333
2.33348
2.3615
2.38381
2.40004
2.41174
2.42049
2.42753
2.43421
2.44195
2.45145
2.46264
2.47505
2.48842
2.50245
2.51647
2.52908
2.53861
2.54356
2.54304
2.53669
2.52431
2.50524
2.47792
2.43989
2.38942
2.32801
2.26168
2.2
2.15379
2.13239
2.13995
2.17228
2.21762
2.2614
2.29192
2.30393
2.29958
2.28638
2.27222
2.26168
2.25651
2.25681
2.26062
2.26472
2.26674
2.2669
2.26864
2.27749
2.29738
2.32679
2.35925
2.38768
2.40828
2.42139
2.43021
2.43906
2.45146
2.46842
2.48784
2.50546
2.51704
2.51978
2.51266
2.49615
2.47212
2.44384
2.41519
2.38934
2.36759
2.3492
2.33221
2.31487
2.29729
2.28169
2.27124
2.2686
2.27465
2.28727
2.30178
2.31324
2.31916
2.3203
2.31933
2.31843
2.31756
2.31575
2.31432
2.31764
2.32943
2.34893
2.37183
2.39356
2.41012
2.41753
2.41292
2.39671
2.37312
2.34797
2.32547
2.30724
2.29335
2.2836
2.27812
2.27704
2.28016
2.28677
2.29591
2.30655
2.3175
2.32749
2.3358
2.34252
2.34827
2.35369
2.35933
2.36587
2.37469
2.38773
2.40521
2.42309
2.43456
2.43443
2.42216
2.40095
2.37528
2.34914
2.32618
2.30985
2.30322
2.30849
2.32522
2.34887
2.37263
2.39162
2.40466
2.41276
2.4176
2.42124
2.42595
2.4334
2.44395
2.45649
2.46914
2.4799
2.48717
2.4897
2.48662
2.47781
2.46423
2.4479
2.43068
2.41337
2.39666
2.38366
2.37917
2.38487
2.3968
2.40987
2.42261
2.43658
2.45217
2.46533
2.46868
2.45587
2.42635
2.38747
2.35185
2.33009
2.32382
2.32663
2.33093
2.33301
2.33308
2.3327
2.33246
2.33117
2.32665
2.31728
2.3035
2.28755
2.2713
2.2543
2.23538
2.21643
2.20303
2.20065
2.21094
2.23156
2.2584
2.28695
2.31277
2.33254
2.34513
2.3514
2.35292
2.35165
2.35043
2.35276
2.36127
2.37625
2.39551
2.41553
2.43255
2.44319
2.44525
2.43845
2.42489
2.40881
2.39526
2.3878
2.38626
2.38605
2.38032
2.36356
2.33418
2.29453
2.24903
2.2035
2.16827
2.1586
2.1809
2.21946
2.2502
2.26117
2.25656
2.25156
2.2618
2.28922
2.3204
2.34069
2.3453
2.33863
2.32806
2.31881
2.31246
2.30905
2.31002
2.31943
2.34244
2.38097
2.42923
2.47501
2.50617
2.51527
2.50006
2.46238
2.40752
2.34369
2.28068
2.22787
2.19219
2.1765
2.17841
2.19066
2.20416
2.21193
2.21128
2.20413
2.19625
2.19497
2.20441
2.22277
2.24464
2.26476
2.27848
2.28194
2.27503
2.26407
2.25806
2.26081
2.26916
2.27819
2.28517
2.28869
2.28691
2.27723
2.25837
2.23433
2.21661
2.21956
2.24882
2.29443
2.338
2.36516
2.37163
2.36206
2.34587
2.33324
2.33209
2.34616
2.37411
2.40983
2.44451
2.46988
2.48182
2.48232
2.47768
2.47315
2.46796
2.45561
2.43038
2.39316
2.35103
2.31132
2.27638
2.24452
2.21514
2.19089
2.17504
2.16884
2.17239
2.18671
2.2128
2.24817
2.28619
2.31912
2.34099
2.34885
2.34258
2.32404
2.29605
2.26237
2.22816
2.19976
2.18311
2.18155
2.19497
2.22063
2.25478
2.29353
2.33308
2.36996
2.40178
2.42722
2.44533
2.45534
2.45774
2.45496
2.44983
2.44277
2.43041
2.40777
2.37234
2.32626
2.27528
2.22592
2.18299
2.14915
2.12618
2.1161
2.12003
2.13502
2.15373
2.16903
2.17847
2.18402
2.18893
2.19551
2.20568
2.22228
2.24799
2.28233
2.31961
2.35002
2.36349
2.35396
2.32205
2.27595
2.22984
2.1996
2.1959
2.2195
2.26344
2.31817
2.37442
2.42374
2.4592
2.47662
2.47569
2.46046
2.43863
2.41842
2.40451
2.39649
2.39109
2.38554
2.38
2.37708
2.38015
2.39149
2.41125
2.43703
2.46431
2.48833
2.506
2.51617
2.51828
2.51272
2.50376
2.49971
2.50565
2.51751
2.52688
2.52819
2.51969
2.5008
2.47049
2.42842
2.37681
2.32053
2.26569
2.21862
2.18571
2.17195
2.17797
2.19889
2.22627
2.25127
2.26743
2.27277
2.27096
2.27065
2.28152
2.30767
2.34408
2.38027
2.40712
2.42047
2.42077
2.41115
2.3955
2.37628
2.3532
2.32527
2.29636
2.27563
2.26922
2.27466
2.28429
2.29011
2.28687
2.2737
2.2539
2.23263
2.21428
2.20098
2.19278
2.18868
2.18738
2.18791
2.18987
2.19406
2.20244
2.21722
2.23932
2.26773
2.3001
2.33398
2.36681
2.39561
2.41712
2.42849
2.42833
2.41726
2.39841
2.37674
2.35786
2.34648
2.34516
2.35391
2.37049
2.39109
2.41103
2.42568
2.43166
2.4279
2.41615
2.40069
2.38703
2.37978
2.38081
2.3887
2.40026
2.4127
2.42456
2.43487
2.44167
2.44214
2.43369
2.41492
2.3861
2.34946
2.30965
2.27363
2.24863
2.23808
2.23942
2.24697
2.257
2.26947
2.28586
2.30676
2.3319
2.36174
2.39721
2.43706
2.47612
2.50726
2.52491
2.52672
2.51339
2.48751
2.45257
2.41278
2.37303
2.33817
2.31213
2.29753
2.29593
2.3079
2.33221
2.36505
2.40033
2.43155
2.45361
2.4639
2.4623
2.45039
2.43046
2.40539
2.37906
2.35657
2.34345
2.34341
2.35608
2.37617
2.39495
2.40418
2.39968
2.38225
2.35576
2.32459
2.29251
2.26326
2.24039
2.22548
2.2171
2.21254
2.20952
2.20536
2.19595
2.17756
2.14982
2.11731
2.08955
2.07901
2.09566
2.14091
2.20628
2.27767
2.34225
2.39358
2.43228
2.46268
2.48761
2.50488
2.50925
2.49796
2.47397
2.44438
2.41672
2.39632
2.38587
2.38514
2.39024
2.3939
2.38843
2.37052
2.34499
2.32364
2.31651
2.32323
2.33493
2.34241
2.34125
2.33316
2.32626
2.3316
2.35377
2.38684
2.42177
2.45135
2.46935
2.47113
2.45684
2.43351
2.41322
2.40703
2.41875
2.44333
2.47046
2.48989
2.4953
2.4864
2.46873
2.45073
2.43925
2.43683
2.44161
2.44906
2.45383
2.45102
2.43698
2.41082
2.37631
2.34275
2.32163
2.31923
2.33199
2.34994
2.3632
2.36637
2.36011
2.35076
2.34705
2.35537
2.37705
2.40893
2.44525
2.4792
2.50423
2.51583
2.51298
2.4988
2.47917
2.45951
2.44154
2.42366
2.40657
2.39815
2.40765
2.43431
2.4679
2.49754
2.51538
2.51596
2.49667
2.4595
2.41215
2.36644
2.33374
2.32029
2.32554
2.34468
2.37305
2.40783
2.44585
2.48154
2.50817
2.52133
2.52133
2.51259
2.49999
2.48636
2.47379
2.46482
2.46102
2.46124
2.46189
2.4585
2.44677
2.4235
2.3878
2.34231
2.29335
2.24935
2.21725
2.19984
2.19774
2.21363
2.25152
2.31023
2.37994
2.44709
2.50172
2.54021
2.56375
2.57538
2.57755
2.57123
2.5564
2.53353
2.50516
2.47573
2.4496
2.42964
2.41775
2.41526
2.42167
2.43327
2.44406
2.44837
2.44319
2.42974
2.41325
2.4002
2.39458
2.39696
2.40679
2.42367
2.44576
2.46833
2.48483
2.48906
2.47699
2.44767
2.40364
2.35046
2.29559
2.24674
2.20978
2.18703
2.17686
2.17544
2.17978
2.19028
2.21018
2.24233
2.28558
2.89731
2.93349
2.94752
2.93523
2.89823
2.84428
2.78606
2.73803
2.71141
2.71
2.72939
2.76063
2.7956
2.83034
2.86463
2.89891
2.93125
2.95675
2.96921
2.96404
2.94005
2.90007
2.85008
2.79803
2.75346
2.72676
2.72532
2.74682
2.77972
2.8124
2.83911
2.85861
2.87134
2.87796
2.87855
2.87264
2.85976
2.8403
2.81546
2.78675
2.75713
2.73291
2.72258
2.73117
2.75695
2.79503
2.84126
2.89195
2.94215
2.98629
3.02077
3.0449
3.05874
3.0601
3.04473
3.00924
2.95371
2.88249
2.80413
2.72928
2.66688
2.62212
2.59739
2.59245
2.604
2.62683
2.6561
2.68835
2.72139
2.75411
2.78608
2.81664
2.84418
2.86579
2.8781
2.87914
2.86998
2.85467
2.8385
2.82535
2.81639
2.81085
2.8075
2.80487
2.80102
2.79346
2.7797
2.75785
2.72741
2.68955
2.64698
2.60355
2.56346
2.53152
2.51455
2.52015
2.5518
2.60588
2.67253
2.73821
2.78876
2.81441
2.81357
2.79244
2.76021
2.72376
2.68702
2.65396
2.62971
2.61811
2.61976
2.63273
2.65393
2.67974
2.7064
2.73036
2.74893
2.76086
2.76666
2.76791
2.76643
2.76367
2.76056
2.75767
2.75591
2.75689
2.76253
2.77389
2.78981
2.80668
2.82007
2.82697
2.8264
2.81864
2.80429
2.78376
2.75739
2.72592
2.69148
2.65853
2.63349
2.62288
2.63059
2.65517
2.68896
2.72238
2.75022
2.77312
2.79406
2.81527
2.83855
2.86611
2.89848
2.93206
2.9603
2.97779
2.98228
2.97349
2.95145
2.9163
2.86836
2.80826
2.73799
2.66228
2.58887
2.52669
2.48247
2.45814
2.45022
2.45177
2.45538
2.45551
2.44955
2.43799
2.42403
2.41309
2.41257
2.42876
2.46036
2.49631
2.5227
2.53287
2.53053
2.52372
2.5176
2.51549
2.5246
2.55475
2.60807
2.67421
2.73899
2.79341
2.8349
2.86489
2.8868
2.90329
2.91365
2.91593
2.91085
2.90198
2.89291
2.88529
2.87856
2.8703
2.85685
2.83403
2.79906
2.75444
2.71179
2.68875
2.6962
2.73009
2.7781
2.83013
2.8808
2.9248
2.9537
2.95818
2.93233
2.87604
2.79529
2.70194
2.6124
2.54391
2.50823
2.5062
2.52716
2.5541
2.57269
2.5794
2.58177
2.59035
2.60969
2.63668
2.66539
2.69205
2.71583
2.73666
2.75477
2.77142
2.78831
2.80546
2.82007
2.82816
2.82782
2.82018
2.80777
2.79238
2.77448
2.75419
2.73289
2.71305
2.69563
2.67815
2.65711
2.63165
2.60332
2.57369
2.54477
2.52073
2.50733
2.51026
2.53397
2.57911
2.64005
2.70649
2.76861
2.82089
2.86245
2.89475
2.91908
2.9351
2.94107
2.93486
2.91504
2.88182
2.83829
2.79124
2.75028
2.72488
2.72156
2.74123
2.77734
2.81849
2.85499
2.88278
2.9025
2.91662
2.92755
2.93671
2.94435
2.94939
2.9498
2.94362
2.92989
2.90896
2.88222
2.85185
2.82066
2.79248
2.77215
2.76402
2.76897
2.78215
2.79423
2.79518
2.77808
2.74156
2.6909
2.63807
2.59779
2.57985
2.58299
2.59719
2.61162
2.62072
2.62552
2.63142
2.6442
2.66575
2.69212
2.71496
2.72586
2.72104
2.70375
2.68302
2.66919
2.66836
2.6789
2.6925
2.69875
2.6901
2.66445
2.62516
2.57906
2.53351
2.49413
2.4648
2.44907
2.44944
2.46508
2.4918
2.52517
2.56264
2.60182
2.63794
2.66524
2.68114
2.68847
2.69327
2.70035
2.71125
2.72534
2.74117
2.75646
2.76806
2.77349
2.77303
2.77056
2.77129
2.77813
2.7901
2.80373
2.81584
2.82568
2.83421
2.84157
2.84556
2.84269
2.83089
2.81117
2.78744
2.7651
2.75004
2.74771
2.76075
2.78602
2.81561
2.84137
2.85853
2.866
2.86495
2.85698
2.84311
2.82488
2.8056
2.78932
2.77903
2.77701
2.7858
2.80722
2.83959
2.87628
2.90719
2.92271
2.9176
2.89193
2.85004
2.79769
2.73878
2.67459
2.60752
2.54842
2.51808
2.52834
2.56445
2.60376
2.63806
2.67112
2.7089
2.75428
2.8054
2.85652
2.90142
2.93627
2.95857
2.96477
2.95196
2.92233
2.88447
2.84973
2.82653
2.81684
2.81648
2.81824
2.81568
2.80556
2.78845
2.76706
2.74355
2.71767
2.68732
2.65222
2.61734
2.59223
2.58489
2.59569
2.61645
2.63533
2.64371
2.63988
2.62711
2.60881
2.5873
2.5665
2.55277
2.5523
2.56793
2.5975
2.63434
2.67049
2.70114
2.72614
2.74786
2.76976
2.79668
2.83218
2.87381
2.91307
2.9415
2.95651
2.96207
2.96486
2.96877
2.97253
2.97117
2.95913
2.93297
2.89268
2.84186
2.78678
2.73511
2.69463
2.67192
2.67087
2.69119
2.72782
2.77167
2.80999
2.82775
2.81254
2.76312
2.69664
2.64473
2.63185
2.65587
2.69453
2.72486
2.73403
2.71947
2.68572
2.64212
2.60015
2.56983
2.55649
2.55944
2.57321
2.59112
2.60881
2.62521
2.64149
2.65857
2.67546
2.68973
2.70014
2.70824
2.71577
2.72043
2.71519
2.69339
2.65455
2.60679
2.56433
2.54073
2.54134
2.55972
2.58261
2.59939
2.60752
2.61133
2.61844
2.63747
2.67548
2.73346
2.80358
2.87265
2.92793
2.9612
2.96982
2.95587
2.92423
2.88037
2.82867
2.77269
2.71699
2.6694
2.64118
2.64142
2.66937
2.71315
2.75693
2.78846
2.80289
2.80217
2.79206
2.7775
2.7599
2.73881
2.71612
2.69663
2.68369
2.67637
2.67145
2.6666
2.66167
2.65772
2.65441
2.64789
2.63189
2.60226
2.56418
2.53457
2.52713
2.53599
2.54832
2.5624
2.5849
2.6204
2.66719
2.71964
2.7725
2.8233
2.87125
2.91448
2.94884
2.96938
2.97319
2.96064
2.93392
2.89531
2.84816
2.8002
2.76349
2.7484
2.75542
2.77364
2.78723
2.78401
2.75978
2.71829
2.66927
2.62526
2.5977
2.59309
2.612
2.65002
2.69839
2.74501
2.77744
2.78763
2.77514
2.74621
2.70936
2.67291
2.64551
2.63513
2.64451
2.6688
2.69842
2.72398
2.73961
2.74389
2.739
2.72905
2.71806
2.70828
2.69901
2.68656
2.666
2.63385
2.5898
2.5372
2.48368
2.44244
2.42958
2.45298
2.50445
2.56859
2.63448
2.69615
2.74856
2.78707
2.80908
2.8154
2.81087
2.80375
2.80169
2.80487
2.80429
2.78912
2.75456
2.70319
2.64169
2.57806
2.52217
2.48765
2.48923
2.5326
2.60741
2.69422
2.77646
2.84426
2.89251
2.91957
2.9264
2.91517
2.88761
2.84558
2.79294
2.73634
2.68322
2.64016
2.61287
2.60468
2.6132
2.63033
2.64705
2.65797
2.66235
2.6615
2.65533
2.64148
2.6176
2.58456
2.54869
2.52218
2.52074
2.55631
2.62779
2.71943
2.80984
2.88271
2.93068
2.95396
2.95758
2.94877
2.93449
2.91946
2.90605
2.89548
2.88887
2.88717
2.89027
2.8971
2.9066
2.91734
2.92602
2.92794
2.91893
2.89678
2.8612
2.81419
2.76094
2.7103
2.67406
2.66277
2.67857
2.71219
2.74906
2.77749
2.79174
2.79103
2.77762
2.75575
2.7314
2.71077
2.69664
2.68651
2.67564
2.66102
2.64261
2.62272
2.60581
2.59912
2.61052
2.64326
2.69227
2.74581
2.79093
2.81888
2.82735
2.81927
2.80026
2.77656
2.7537
2.73542
2.72251
2.71305
2.70375
2.69194
2.67755
2.66421
2.65888
2.66873
2.69638
2.73724
2.78209
2.82207
2.85153
2.86685
2.86447
2.84154
2.79994
2.75004
2.70907
2.69183
2.70017
2.7233
2.74767
2.7648
2.77244
2.77193
2.7647
2.75096
2.73255
2.71568
2.70679
2.70578
2.70724
2.70756
2.70793
2.71124
2.71853
2.72884
2.74094
2.75346
2.76314
2.76503
2.75573
2.73601
2.71026
2.68414
2.66246
2.64836
2.64336
2.64783
2.66141
2.68278
2.70913
2.73593
2.75744
2.76828
2.76556
2.75082
2.7308
2.71519
2.71188
2.72342
2.74702
2.77669
2.80576
2.83025
2.85036
2.86766
2.88207
2.89281
2.89987
2.90347
2.90261
2.89389
2.87308
2.83982
2.80186
2.7733
2.76361
2.76738
2.77078
2.76546
2.75218
2.7355
2.71789
2.69799
2.67323
2.64535
2.62475
2.62405
2.64219
2.66095
2.65918
2.62517
2.56258
2.49289
2.4464
2.4402
2.46715
2.50919
2.5539
2.59832
2.64394
2.6912
2.73763
2.77968
2.81534
2.84442
2.86645
2.87874
2.87742
2.86112
2.83431
2.80709
2.78954
2.78385
2.78318
2.77818
2.76381
2.74092
2.71414
2.68881
2.66863
2.65508
2.64852
2.64914
2.6567
2.6694
2.68392
2.69709
2.70757
2.71606
2.72366
2.73039
2.73502
2.73636
2.7343
2.72981
2.72433
2.71911
2.71504
2.71255
2.71136
2.71111
2.71234
2.71709
2.7271
2.741
2.75413
2.76106
2.75825
2.74415
2.71867
2.68464
2.64997
2.62649
2.62409
2.64439
2.68061
2.72384
2.76833
2.81108
2.84763
2.87008
2.87019
2.84439
2.79627
2.73499
2.67022
2.60708
2.54683
2.49214
2.45061
2.43406
2.45301
2.50786
2.5838
2.65831
2.71446
2.74652
2.75694
2.75194
2.73887
2.72491
2.71563
2.71393
2.7201
2.7322
2.74666
2.75972
2.7693
2.77583
2.7813
2.78714
2.79232
2.79399
2.79005
2.78111
2.76966
2.7585
2.75108
2.75176
2.76327
2.7838
2.80753
2.8284
2.84327
2.85169
2.85404
2.85023
2.83995
2.82353
2.80211
2.77774
2.75419
2.73821
2.7386
2.76129
2.80396
2.85634
2.906
2.944
2.96613
2.97153
2.96084
2.93551
2.89863
2.85639
2.81786
2.7907
2.77621
2.76976
2.76528
2.75779
2.74298
2.71789
2.68367
2.64797
2.6248
2.62946
2.66987
2.74078
2.82648
2.9086
2.97275
3.01086
3.02108
3.00733
2.97809
2.94252
2.9069
2.87599
2.85387
2.84067
2.83265
2.82587
2.81802
2.80773
2.79324
2.77236
2.74461
2.71478
2.69336
2.69014
2.86674
2.89219
2.91352
2.92201
2.91787
2.90964
2.90627
2.90803
2.90459
2.88233
2.83254
2.755
2.65984
2.56798
2.50358
2.47732
2.48077
2.49946
2.52529
2.55766
2.59854
2.64854
2.7061
2.76809
2.82985
2.88619
2.93357
2.97146
3.00139
3.0244
3.03884
3.04104
3.02901
3.00501
2.97436
2.94248
2.91463
2.89781
2.89987
2.92373
2.96188
2.99782
3.01353
2.99601
2.93967
2.84698
2.73178
2.62638
2.57561
2.59702
2.65787
2.71545
2.75071
2.76377
2.76125
2.7503
2.73719
2.72639
2.71916
2.71372
2.70746
2.69954
2.69219
2.68946
2.69349
2.70326
2.71591
2.72844
2.73882
2.74352
2.73412
2.70378
2.6657
2.6559
2.68977
2.74135
2.78586
2.82053
2.85046
2.87614
2.89268
2.89464
2.88056
2.85533
2.82932
2.81354
2.81383
2.82794
2.84702
2.8609
2.8642
2.85866
2.84956
2.84049
2.83126
2.81951
2.8029
2.78047
2.75406
2.72924
2.71445
2.71684
2.73583
2.76185
2.78334
2.79482
2.79815
2.79859
2.80031
2.80458
2.81023
2.81494
2.81607
2.81068
2.79613
2.77142
2.73916
2.70782
2.69315
2.71183
2.76601
2.83903
2.9099
2.96495
2.99878
3.01196
3.00901
2.99673
2.98239
2.97163
2.96583
2.96116
2.95152
2.93399
2.91167
2.89085
2.87559
2.86517
2.85643
2.84698
2.83642
2.82572
2.81568
2.80547
2.79349
2.77947
2.76616
2.7582
2.7588
2.76674
2.77693
2.7844
2.78678
2.78426
2.77879
2.77534
2.78288
2.80866
2.84801
2.88566
2.90874
2.91411
2.90578
2.89011
2.87374
2.86332
2.86473
2.88177
2.91543
2.96312
3.01727
3.06594
3.09781
3.10787
3.09756
3.07095
3.0325
2.9876
2.94303
2.90441
2.87336
2.84709
2.82207
2.79895
2.78448
2.78751
2.81173
2.85179
2.89569
2.93104
2.94982
2.94972
2.93307
2.90516
2.87299
2.84505
2.83156
2.84175
2.87644
2.92346
2.96429
2.98461
2.97898
2.94987
2.90439
2.85132
2.7992
2.7559
2.72827
2.72008
2.72952
2.74984
2.77256
2.78968
2.79461
2.78379
2.75885
2.72812
2.70566
2.70426
2.72606
2.76378
2.81051
2.86155
2.90897
2.94114
2.94812
2.92693
2.88399
2.83228
2.78339
2.74152
2.70492
2.67182
2.64445
2.62956
2.63479
2.65923
2.68959
2.7107
2.71569
2.70623
2.6892
2.67393
2.66912
2.68072
2.71045
2.75285
2.79524
2.82443
2.83425
2.82659
2.80708
2.78163
2.75646
2.74011
2.74301
2.7738
2.83271
2.90776
2.97998
3.03395
3.06353
3.06833
3.04667
2.99443
2.90982
2.79865
2.67833
2.57671
2.52002
2.51958
2.57236
2.66496
2.77668
2.88763
2.98522
3.06335
3.11969
3.15441
3.16939
3.16879
3.16064
3.15482
3.15592
3.15952
3.15871
3.1521
3.14352
3.13569
3.12708
3.1151
3.10024
3.08708
3.08116
3.0826
3.08339
3.07335
3.04843
3.01339
2.97835
2.95228
2.93831
2.93424
2.93636
2.94222
2.95008
2.95713
2.95994
2.95707
2.95115
2.94874
2.95711
2.97984
3.01459
3.0542
3.09004
3.1148
3.12369
3.11482
3.08926
3.0506
3.00327
2.94987
2.8902
2.82312
2.75053
2.68061
2.62668
2.6004
2.60419
2.63076
2.6682
2.70463
2.73016
2.7385
2.72953
2.71023
2.69157
2.68214
2.68434
2.69588
2.71348
2.73456
2.75669
2.77638
2.79051
2.79946
2.80721
2.81766
2.83174
2.8481
2.86515
2.88184
2.89813
2.91521
2.93484
2.95801
2.98317
3.00597
3.02174
3.02933
3.03226
3.03534
3.03981
3.04245
3.03899
3.02725
3.00745
2.98112
2.9503
2.91789
2.88886
2.87026
2.86675
2.87612
2.89151
2.90668
2.91806
2.92303
2.91817
2.89964
2.86518
2.81713
2.76601
2.72646
2.70526
2.70046
2.71066
2.73489
2.7672
2.79767
2.81785
2.8245
2.82004
2.81073
2.80407
2.80601
2.81936
2.84422
2.87933
2.92181
2.96616
3.00491
3.03135
3.04138
3.03268
3.00379
2.9569
2.90224
2.85513
2.82444
2.8064
2.79077
2.76771
2.7315
2.68654
2.65202
2.65203
2.69184
2.75173
2.80577
2.83665
2.83855
2.81621
2.78228
2.7524
2.73908
2.74673
2.77088
2.80368
2.84154
2.88661
2.94026
2.99793
3.0508
3.09034
3.11118
3.11237
3.09742
3.07222
3.04169
3.00711
2.96713
2.92187
2.87651
2.84075
2.82284
2.82198
2.82731
2.82541
2.80849
2.77688
2.73982
2.7175
2.7332
2.78976
2.86477
2.93489
2.98954
3.02675
3.04711
3.0523
3.04604
3.03417
3.02296
3.01616
3.01273
3.00751
2.9957
2.97823
2.96216
2.95299
2.94829
2.9416
2.92951
2.91368
2.89968
2.89466
2.90311
2.92424
2.95404
2.98689
3.01572
3.03357
3.03604
3.02248
2.99513
2.95755
2.91357
2.86721
2.82296
2.78577
2.76008
2.74744
2.74504
2.74835
2.75577
2.77032
2.79591
2.83175
2.87006
2.89979
2.91389
2.91333
2.90517
2.89718
2.89482
2.90239
2.92165
2.94725
2.96743
2.97197
2.95833
2.93183
2.90175
2.87547
2.85468
2.83638
2.81635
2.79215
2.76498
2.73981
2.72372
2.72262
2.73837
2.76769
2.80368
2.83975
2.87269
2.90213
2.92793
2.94847
2.96106
2.96272
2.95123
2.92699
2.89431
2.86011
2.82977
2.80399
2.7805
2.758
2.73719
2.71904
2.70338
2.69057
2.68398
2.68952
2.71233
2.75323
2.80631
2.8583
2.8933
2.90035
2.87719
2.82853
2.76207
2.68661
2.61375
2.55835
2.53116
2.52951
2.54303
2.56791
2.60849
2.66694
2.73666
2.80444
2.85626
2.88195
2.87836
2.8527
2.8226
2.80721
2.81205
2.82572
2.83325
2.82916
2.82045
2.82058
2.83922
2.87585
2.92194
2.96693
3.00313
3.02799
3.04323
3.05215
3.05719
3.05815
3.05233
3.03585
3.00587
2.96209
2.90706
2.84565
2.78377
2.72752
2.68276
2.65505
2.64797
2.65995
2.68324
2.70807
2.72895
2.74758
2.7699
2.79887
2.82926
2.85094
2.8571
2.84956
2.83808
2.83507
2.84863
2.87861
2.9176
2.95503
2.98153
2.99222
2.98831
2.97612
2.96345
2.9549
2.94935
2.94211
2.92929
2.91032
2.88732
2.86332
2.84173
2.82717
2.82495
2.83701
2.85893
2.88336
2.90667
2.92965
2.9512
2.96477
2.9627
2.94162
2.90414
2.85835
2.81605
2.78888
2.78319
2.79842
2.82959
2.86873
2.90521
2.92935
2.93807
2.93627
2.93249
2.93287
2.93791
2.94387
2.94584
2.93984
2.92276
2.89227
2.84813
2.79401
2.73817
2.69186
2.66586
2.66656
2.6935
2.73922
2.79187
2.83994
2.87641
2.89973
2.91201
2.91667
2.91715
2.91619
2.91553
2.91608
2.91963
2.9301
2.95014
2.97532
2.99563
3.00651
3.01665
3.04036
3.07999
3.12297
3.15563
3.17227
3.17433
3.1665
3.15453
3.14479
3.14234
3.1471
3.15274
3.15099
3.13731
3.11311
3.08421
3.05659
3.03268
3.01141
2.99201
2.97813
2.97692
2.99243
3.01924
3.04412
3.05451
3.04411
3.01284
2.96458
2.90539
2.84301
2.78755
2.7505
2.73895
2.74986
2.77195
2.79279
2.80424
2.80464
2.79827
2.79234
2.79244
2.80031
2.8155
2.83792
2.8667
2.89615
2.91628
2.91836
2.8997
2.86495
2.82505
2.79333
2.77952
2.78541
2.80571
2.83264
2.85986
2.88367
2.90211
2.91356
2.91632
2.91013
2.89837
2.88747
2.88251
2.88351
2.8872
2.89128
2.89576
2.90092
2.90462
2.902
2.88844
2.86284
2.82788
2.78759
2.74662
2.71225
2.69597
2.70998
2.7586
2.83228
2.91019
2.97046
3.00093
3.0034
2.98885
2.96687
2.9402
2.90926
2.88002
2.86299
2.86301
2.87465
2.88858
2.89872
2.9046
2.90978
2.91525
2.91533
2.90396
2.88269
2.85889
2.83917
2.8271
2.8238
2.82758
2.83399
2.83779
2.83585
2.82881
2.82047
2.81522
2.81571
2.82334
2.8412
2.87411
2.9227
2.97898
3.02991
3.06397
3.07442
3.06021
3.02658
2.98462
2.9457
2.91328
2.88306
2.85176
2.82279
2.80408
2.80153
2.81394
2.83376
2.85247
2.86542
2.87256
2.87629
2.8789
2.88054
2.87889
2.87151
2.85896
2.84527
2.83527
2.83185
2.83594
2.84795
2.86769
2.89273
2.91768
2.93682
2.94755
2.95104
2.95083
2.95079
2.95339
2.95907
2.96623
2.97186
2.97187
2.96126
2.9353
2.89253
2.83923
2.79148
2.76989
2.78698
2.8375
2.90142
2.95631
2.98791
2.9945
2.98535
2.97332
2.96519
2.95897
2.95012
2.9375
2.92273
2.90707
2.89128
2.8774
2.86905
2.86935
2.87861
2.89318
2.90643
2.91225
2.90836
2.89743
2.8844
2.8707
2.85194
2.82242
2.78058
2.72986
2.67609
2.6251
2.58132
2.54723
2.52396
2.51193
2.51147
2.5237
2.55055
2.59342
2.65252
2.72702
2.8132
2.90173
2.97778
3.02589
3.03685
3.01102
2.95653
2.88509
2.80865
2.73854
2.68691
2.66572
2.67978
2.72187
2.77685
2.82975
2.87126
2.89927
2.91661
2.92553
2.9233
2.90576
2.8754
2.84504
2.83336
2.85376
2.90497
2.97298
3.04036
3.09228
3.11845
3.11369
3.07952
3.02622
2.97209
2.93583
2.92565
2.937
2.95963
2.98407
3.00329
3.01178
3.00504
2.98034
2.93808
2.88329
2.82571
2.77813
2.75283
2.75743
2.79174
2.84708
2.90917
2.96423
3.00412
3.02685
3.0339
3.02825
3.01335
2.99178
2.96332
2.92513
2.87575
2.82069
2.77276
2.74464
2.73922
2.74726
2.75443
2.75037
2.73311
2.70868
2.68648
2.67261
2.66622
2.66056
2.64626
2.6176
2.58087
2.5555
2.56153
2.60484
2.67598
2.75864
2.83624
2.89562
2.9298
2.93912
2.92929
2.90793
2.8828
2.86302
2.85909
2.87763
2.91454
2.95575
2.98634
2.9983
2.99189
2.97339
2.9519
2.93672
2.85106
2.87162
2.91317
2.97178
3.0375
3.09846
3.14624
3.17672
3.18823
3.17982
3.1505
3.09914
3.025
2.92882
2.81424
2.68909
2.5662
2.46159
2.38957
2.35862
2.37138
2.42196
2.49363
2.56767
2.63627
2.70568
2.78413
2.86652
2.93618
2.97883
2.98958
2.97167
2.93407
2.89069
2.85791
2.84563
2.84952
2.85634
2.85648
2.84902
2.83817
2.82797
2.81995
2.81474
2.81397
2.81949
2.83117
2.84634
2.8611
2.87164
2.87557
2.87349
2.87029
2.87405
2.89211
2.92641
2.97122
3.01565
3.04856
3.06188
3.05125
3.01569
2.95802
2.88549
2.80881
2.73892
2.68345
2.64519
2.62175
2.60648
2.59155
2.57241
2.54946
2.52646
2.50868
2.50083
2.50495
2.52041
2.54697
2.58601
2.63712
2.6944
2.74847
2.79185
2.82185
2.83955
2.84715
2.8463
2.8397
2.83456
2.84092
2.86104
2.88464
2.90018
2.90456
2.89998
2.88719
2.86361
2.82612
2.77464
2.71446
2.65621
2.61211
2.5901
2.59057
2.60826
2.63705
2.67327
2.71441
2.75535
2.78871
2.81007
2.82161
2.82901
2.8357
2.84153
2.84574
2.84875
2.85099
2.85158
2.84857
2.84014
2.82477
2.8006
2.76575
2.72005
2.66701
2.61448
2.57311
2.55156
2.5512
2.5667
2.59061
2.61416
2.628
2.62684
2.61115
2.58311
2.54569
2.50893
2.49459
2.52608
2.60705
2.71564
2.82219
2.90628
2.96032
2.9867
2.99441
2.99444
2.99372
2.99121
2.98005
2.95346
2.90958
2.8529
2.79283
2.74073
2.70602
2.69265
2.69774
2.71294
2.72855
2.73819
2.74124
2.74097
2.74006
2.73871
2.73685
2.73622
2.74052
2.75463
2.78288
2.8248
2.87278
2.91615
2.9464
2.95935
2.95573
2.94053
2.92014
2.89844
2.8753
2.84869
2.81757
2.78317
2.74884
2.71904
2.69803
2.68859
2.69079
2.70097
2.71268
2.71913
2.71564
2.70135
2.67976
2.65786
2.64289
2.63815
2.64137
2.64732
2.6516
2.65208
2.64782
2.63785
2.62138
2.59999
2.57921
2.56559
2.56201
2.5667
2.57492
2.58045
2.57956
2.5752
2.57502
2.58448
2.60486
2.6363
2.67929
2.73325
2.79406
2.8527
2.89727
2.91743
2.90817
2.87111
2.81447
2.75282
2.70571
2.69016
2.71109
2.76137
2.82794
2.89504
2.94774
2.97657
2.97989
2.96216
2.93031
2.89187
2.85644
2.83571
2.83767
2.85971
2.88861
2.90781
2.90522
2.87774
2.83169
2.77917
2.73197
2.69769
2.67906
2.67274
2.66861
2.65408
2.62264
2.58097
2.54889
2.54695
2.58029
2.63851
2.7073
2.77442
2.83017
2.86866
2.88995
2.89988
2.90597
2.91228
2.91738
2.91626
2.90386
2.87806
2.84079
2.79738
2.75564
2.72534
2.71616
2.73213
2.7678
2.81165
2.85205
2.87975
2.88849
2.87599
2.84478
2.8014
2.754
2.70939
2.67158
2.64316
2.62762
2.62912
2.648
2.67832
2.71155
2.7408
2.76124
2.76987
2.76654
2.75446
2.73923
2.72731
2.72492
2.73673
2.76351
2.80051
2.83871
2.86845
2.88269
2.8777
2.85319
2.81381
2.76967
2.73263
2.71088
2.70651
2.71689
2.73709
2.76167
2.78543
2.8037
2.81242
2.80891
2.79241
2.76464
2.73013
2.69626
2.67107
2.65987
2.66298
2.67688
2.69747
2.72225
2.74986
2.77866
2.80628
2.8301
2.84696
2.85273
2.8426
2.81287
2.76433
2.70514
2.65106
2.62082
2.62691
2.66621
2.72069
2.76893
2.79789
2.80632
2.80056
2.78962
2.78204
2.78282
2.79227
2.80876
2.83029
2.85155
2.8623
2.85164
2.81497
2.75845
2.69895
2.65808
2.65133
2.67938
2.73008
2.78743
2.83772
2.87199
2.88805
2.89079
2.88796
2.8837
2.87636
2.86263
2.84137
2.81393
2.78303
2.75154
2.72208
2.69701
2.67867
2.66932
2.6708
2.68381
2.70712
2.73758
2.77005
2.79675
2.80746
2.79472
2.7653
2.74365
2.74893
2.77362
2.79681
2.80423
2.79337
2.77032
2.74433
2.72333
2.71135
2.70829
2.71113
2.71614
2.72162
2.72914
2.74188
2.76242
2.79065
2.82178
2.84591
2.8518
2.83409
2.79871
2.76087
2.73498
2.72537
2.72683
2.73265
2.74401
2.77307
2.83057
2.90931
2.98903
3.05231
3.0898
3.09861
3.08244
3.05137
3.01517
2.97602
2.93376
2.89343
2.86359
2.85232
2.86199
2.88329
2.90035
2.90383
2.89751
2.89365
2.90152
2.91879
2.93454
2.93698
2.91747
2.8725
2.80754
2.73927
2.68705
2.65711
2.64089
2.62805
2.61421
2.60018
2.59083
2.59412
2.61846
2.66756
2.73492
2.80379
2.85509
2.87683
2.86839
2.83968
2.80544
2.77653
2.75622
2.74368
2.73754
2.73565
2.73425
2.72899
2.71727
2.6998
2.68163
2.67292
2.68475
2.71988
2.76896
2.81724
2.85315
2.87175
2.87486
2.86916
2.86188
2.85708
2.85534
2.8549
2.85291
2.84617
2.83299
2.81664
2.80623
2.81137
2.83563
2.87261
2.90772
2.92695
2.92443
2.90256
2.86858
2.83172
2.80063
2.77922
2.76374
2.74627
2.7227
2.69648
2.67552
2.66624
2.66995
2.68419
2.70654
2.73539
2.76729
2.79576
2.81415
2.81976
2.81571
2.80858
2.80336
2.79995
2.79552
2.78843
2.77956
2.7713
2.76607
2.76473
2.76663
2.77129
2.77891
2.78792
2.79313
2.78855
2.77273
2.75181
2.73593
2.72961
2.72711
2.71828
2.69669
2.66323
2.62523
2.59263
2.5734
2.57049
2.58111
2.59945
2.62125
2.6463
2.67634
2.71256
2.75648
2.81009
2.8713
2.93183
2.98297
3.02064
3.04442
3.05412
3.04877
3.02864
2.99805
2.96518
2.93813
2.92021
2.90971
2.9048
2.90661
2.9158
2.92789
2.93452
2.92765
2.90242
2.85843
2.80033
2.73638
2.67515
2.62256
2.5812
2.55191
2.53593
2.53532
2.55081
2.57931
2.6143
2.64892
2.67825
2.69901
2.70923
2.71002
2.70617
2.70324
2.70362
2.70696
2.71271
2.72098
2.73124
2.74166
2.74982
2.7532
2.7494
2.73666
2.71509
2.68779
2.66051
2.64037
2.63481
2.65069
2.69117
2.75126
2.8182
2.87741
2.9184
2.9362
2.93077
2.90679
2.87323
2.83979
2.81166
2.78777
2.76532
2.74538
2.73294
2.73172
2.74105
2.75712
2.7758
2.79402
2.80922
2.81852
2.81945
2.81188
2.79856
2.78364
2.76989
2.75701
2.7421
2.72116
2.69093
2.65047
2.60229
2.55279
2.51119
2.48669
2.4848
2.50504
2.54088
2.58247
2.62011
2.64621
2.65633
2.65028
2.63292
2.61351
2.60304
2.60995
2.63555
2.67221
2.70694
2.72814
2.7306
2.71686
2.69603
2.68063
2.68126
2.70036
2.73159
2.76504
2.79271
2.80996
2.8151
2.80938
2.79707
2.78408
2.77377
2.76362
2.74688
2.71771
2.6748
2.62194
2.5671
2.52064
2.49195
2.48567
2.49989
2.52774
2.56022
2.58866
2.60698
2.61385
2.61343
2.61415
2.62574
2.65529
2.70385
2.76532
2.8288
2.88236
2.91661
2.92643
2.91123
2.87482
2.8246
2.77011
2.72122
2.68664
2.67242
2.68043
2.70585
2.73509
2.7481
2.72805
2.67521
2.61483
2.58082
2.58477
2.61538
2.65866
2.70533
2.74999
2.79048
2.82551
2.85279
2.86962
2.8745
2.86838
2.85455
2.83729
2.82113
2.81093
2.81052
2.81962
2.83345
2.84696
2.85885
2.87111
2.88618
2.90491
2.92684
2.95159
2.97869
3.00535
3.02412
3.02438
2.99793
2.94584
2.88109
2.82366
2.78919
2.78019
2.7884
2.80252
2.81237
2.80972
2.78938
2.75144
2.70246
2.65358
2.61537
2.59329
2.58726
2.59433
2.61087
2.63387
2.66229
2.69654
2.73484
2.77132
2.79987
2.81884
2.83017
2.83644
2.84028
2.84518
2.85467
2.86999
2.88853
2.90466
2.91195
2.90546
2.88323
2.8479
2.80734
2.77098
2.74132
2.71141
2.67396
2.63229
2.60087
2.59465
2.61763
2.66334
2.72304
2.78981
2.85747
2.91962
2.97014
3.00413
3.018
3.00962
2.97901
2.92904
2.86615
2.80076
2.7459
2.71311
2.70582
2.71606
2.7299
2.73647
2.73293
2.72396
2.71864
2.72629
2.75189
2.79283
2.84013
2.88322
2.91413
2.92958
2.93194
2.92711
2.92029
2.91375
2.90782
2.90175
2.89336
2.87985
2.8598
2.83471
2.80987
2.79374
2.79382
2.80928
2.82925
2.84191
2.84484
2.8448
2.84921
2.85875
2.86655
2.86305
2.84365
2.81452
2.79133
2.78938
2.81201
2.84769
2.87929
2.89564
2.89539
2.88362
2.86829
2.8576
2.85608
2.86179
2.86846
2.87183
2.87344
2.87618
2.87751
2.87067
2.8517
2.82335
2.79342
2.77064
2.76108
2.76632
2.78377
2.80895
2.83814
2.86853
2.89694
2.91982
2.93533
2.9441
2.94823
2.95003
2.95189
2.95616
2.96418
2.97468
2.98368
2.9865
2.98024
2.96492
2.94326
2.92011
2.90168
2.89377
2.89916
2.91558
2.93643
2.95417
2.96438
2.96739
2.96716
2.96902
2.97752
2.99415
3.01609
3.03712
3.05038
3.05081
3.03729
3.01391
2.98912
2.97072
2.95885
2.94528
2.92056
2.88083
2.82874
2.77131
2.71808
2.67935
2.66242
2.66778
2.68966
2.71951
2.74904
2.77215
2.78733
2.79866
2.81185
2.82848
2.84666
2.86567
2.8866
2.90891
2.9282
2.93778
2.93216
2.90976
2.87307
2.8271
2.77808
2.73351
2.70183
2.68961
2.69819
2.72279
2.75468
2.78388
2.80234
2.80704
2.80143
2.79331
2.79053
2.79741
2.8131
2.83209
2.84762
2.8559
2.85831
2.86098
2.87147
2.8937
2.9247
2.95585
2.97737
2.98207
2.96735
2.93555
2.89322
2.84929
2.81193
2.78529
2.7682
2.75706
2.75088
2.75218
2.76188
2.77559
2.78638
2.78998
2.78683
2.78024
2.77292
2.76413
2.74924
2.72187
2.67761
2.61777
2.5512
2.49266
2.45656
2.44902
2.46503
2.4931
2.52224
