-3.51423
-3.51366
-3.51301
-3.51103
-3.50662
-3.50032
-3.49541
-3.49054
-3.48635
-3.48418
-3.4817
-3.47944
-3.47961
-3.48145
-3.48423
-3.48795
-3.49236
-3.49649
-3.50009
-3.50252
-3.50511
-3.50564
-3.50515
-3.50531
-3.50479
-3.50391
-3.50343
-3.50209
-3.50232
-3.50212
-3.50106
-3.50054
-3.50031
-3.49973
-3.49924
-3.49895
-3.49811
-3.49782
-3.49822
-3.49825
-3.49942
-3.49974
-3.50046
-3.50188
-3.50331
-3.50326
-3.50351
-3.50381
-3.50344
-3.50281
-3.50237
-3.50111
-3.50048
-3.49951
-3.49969
-3.49856
-3.49833
-3.49809
-3.49878
-3.49904
-3.49969
-3.50073
-3.50036
-3.50024
-3.49973
-3.49923
-3.49812
-3.49719
-3.49748
-3.49776
-3.49693
-3.49647
-3.49613
-3.49575
-3.49625
-3.49667
-3.4966
-3.49554
-3.49604
-3.49683
-3.49666
-3.49468
-3.49559
-3.49475
-3.49422
-3.49504
-3.49483
-3.49489
-3.49664
-3.49655
-3.49703
-3.49638
-3.49623
-3.49598
-3.49592
-3.49487
-3.49467
-3.49384
-3.49408
-3.49314
-3.49329
-3.49258
-3.49176
-3.49226
-3.49233
-3.49282
-3.49345
-3.49401
-3.49512
-3.497
-3.49782
-3.49847
-3.49931
-3.49931
-3.49767
-3.4971
-3.49681
-3.49706
-3.49611
-3.49553
-3.49624
-3.49547
-3.49657
-3.49685
-3.49748
-3.49821
-3.4986
-3.49888
-3.49812
-3.49788
-3.49883
-3.4997
-3.49909
-3.49924
-3.49982
-3.50051
-3.49918
-3.49877
-3.49835
-3.49898
-3.49898
-3.4994
-3.50038
-3.49986
-3.4991
-3.49812
-3.4974
-3.49699
-3.4975
-3.49744
-3.49796
-3.4973
-3.49786
-3.49871
-3.49872
-3.49982
-3.49908
-3.49857
-3.49722
-3.49749
-3.49895
-3.49982
-3.50094
-3.5022
-3.50169
-3.50114
-3.5001
-3.4997
-3.49993
-3.49968
-3.50013
-3.49938
-3.49879
-3.49916
-3.49924
-3.49999
-3.5
-3.50058
-3.49946
-3.49894
-3.49621
-3.49592
-3.49626
-3.49664
-3.49665
-3.49804
-3.49889
-3.50002
-3.50014
-3.50158
-3.50115
-3.50088
-3.50118
-3.50017
-3.49887
-3.49855
-3.4987
-3.49808
-3.49751
-3.49757
-3.49699
-3.49714
-3.49782
-3.49998
-3.50068
-3.50214
-3.50292
-3.50317
-3.5034
-3.50374
-3.50533
-3.50504
-3.50462
-3.5039
-3.50216
-3.50173
-3.50105
-3.49961
-3.49947
-3.49871
-3.49856
-3.49781
-3.49717
-3.49799
-3.49724
-3.49735
-3.49696
-3.497
-3.49728
-3.4972
-3.49807
-3.49788
-3.49823
-3.49874
-3.49813
-3.49819
-3.49801
-3.49691
-3.49663
-3.49605
-3.49555
-3.49578
-3.49497
-3.49467
-3.49436
-3.49661
-3.49811
-3.49864
-3.50043
-3.50043
-3.50187
-3.501
-3.49904
-3.49899
-3.49822
-3.49734
-3.49533
-3.49514
-3.49624
-3.49633
-3.49711
-3.49708
-3.49752
-3.4976
-3.49733
-3.49759
-3.49777
-3.49829
-3.49868
-3.49889
-3.49867
-3.49842
-3.49704
-3.49606
-3.4951
-3.49442
-3.49447
-3.49419
-3.49474
-3.49481
-3.49526
-3.49616
-3.49695
-3.49731
-3.4977
-3.49719
-3.49716
-3.49569
-3.49243
-3.49182
-3.49239
-3.49439
-3.4954
-3.49764
-3.4978
-3.49922
-3.50073
-3.50026
-3.50004
-3.5
-3.49941
-3.4986
-3.4982
-3.49755
-3.49767
-3.49771
-3.49807
-3.49892
-3.49883
-3.49985
-3.50036
-3.50141
-3.5026
-3.50422
-3.50424
-3.50412
-3.50345
-3.50225
-3.50136
-3.50007
-3.49991
-3.49939
-3.50024
-3.50047
-3.50082
-3.50088
-3.50054
-3.50056
-3.5003
-3.50062
-3.50057
-3.49942
-3.49855
-3.4983
-3.49724
-3.4967
-3.4972
-3.49815
-3.49929
-3.50098
-3.50105
-3.50122
-3.50112
-3.50127
-3.50003
-3.49986
-3.49792
-3.49743
-3.49654
-3.49633
-3.49588
-3.49595
-3.4963
-3.49668
-3.49741
-3.49615
-3.49601
-3.49669
-3.49654
-3.49666
-3.49737
-3.49764
-3.49835
-3.49787
-3.49794
-3.49863
-3.49799
-3.49859
-3.49818
-3.49782
-3.49799
-3.4972
-3.49753
-3.49784
-3.49762
-3.4976
-3.49716
-3.49637
-3.49633
-3.4962
-3.49552
-3.4958
-3.49599
-3.49756
-3.49839
-3.49859
-3.49781
-3.49605
-3.49664
-3.4951
-3.49438
-3.49589
-3.49662
-3.49641
-3.49712
-3.49833
-3.4983
-3.49829
-3.49848
-3.49752
-3.49817
-3.49905
-3.4986
-3.49943
-3.49963
-3.49972
-3.49947
-3.50045
-3.50153
-3.5011
-3.50098
-3.50112
-3.50143
-3.50074
-3.49989
-3.49918
-3.49981
-3.4988
-3.49891
-3.49792
-3.4968
-3.49654
-3.49613
-3.49624
-3.49597
-3.49665
-3.49775
-3.49845
-3.4988
-3.49841
-3.49858
-3.49916
-3.49942
-3.49885
-3.49769
-3.49723
-3.49722
-3.49706
-3.49821
-3.49933
-3.49879
-3.49812
-3.49712
-3.49619
-3.49495
-3.49416
-3.4938
-3.49484
-3.49627
-3.49741
-3.4989
-3.49981
-3.50005
-3.50016
-3.49984
-3.49938
-3.49951
-3.49977
-3.50018
-3.4999
-3.49835
-3.49676
-3.49575
-3.49442
-3.49387
-3.49323
-3.49245
-3.49206
-3.49289
-3.493
-3.49337
-3.49398
-3.49525
-3.49578
-3.49685
-3.49814
-3.49879
-3.49944
-3.50155
-3.50036
-3.50029
-3.4996
-3.49795
-3.4985
-3.49852
-3.49891
-3.5001
-3.50127
-3.50176
-3.50173
-3.50195
-3.50178
-3.50083
-3.49962
-3.49936
-3.50003
-3.50106
-3.50155
-3.50142
-3.50233
-3.50276
-3.50344
-3.50322
-3.50421
-3.50376
-3.50302
-3.50269
-3.50173
-3.50072
-3.49925
-3.49914
-3.49774
-3.49824
-3.49867
-3.49952
-3.50169
-3.50299
-3.50193
-3.50257
-3.50117
-3.50104
-3.50038
-3.50009
-3.49962
-3.49955
-3.49903
-3.49929
-3.49922
-3.49748
-3.49577
-3.49376
-3.49367
-3.49407
-3.49498
-3.49476
-3.49475
-3.49573
-3.49661
-3.49735
-3.49767
-3.49866
-3.50006
-3.50019
-3.50034
-3.49924
-3.49865
-3.49906
-3.49903
-3.50007
-3.49825
-3.49715
-3.49626
-3.49497
-3.49465
-3.49441
-3.49404
-3.4931
-3.494
-3.49398
-3.4937
-3.49377
-3.49311
-3.49278
-3.4935
-3.49467
-3.4967
-3.49767
-3.49708
-3.49745
-3.4981
-3.49833
-3.49746
-3.49721
-3.49696
-3.4964
-3.49614
-3.49548
-3.49529
-3.49556
-3.49669
-3.49688
-3.49621
-3.49686
-3.49682
-3.49665
-3.49652
-3.49658
-3.497
-3.49634
-3.49699
-3.49714
-3.49754
-3.49914
-3.50051
-3.50063
-3.49996
-3.49857
-3.49853
-3.4974
-3.49614
-3.49542
-3.49542
-3.49575
-3.49549
-3.49589
-3.49507
-3.49354
-3.49406
-3.49421
-3.49352
-3.49313
-3.49286
-3.49405
-3.49339
-3.49369
-3.49402
-3.49384
-3.4942
-3.49442
-3.4951
-3.49576
-3.49701
-3.49607
-3.49548
-3.4947
-3.49387
-3.49166
-3.49094
-3.49001
-3.48989
-3.49118
-3.49246
-3.49313
-3.49354
-3.4947
-3.49568
-3.49655
-3.49749
-3.49751
-3.49758
-3.49778
-3.49853
-3.4985
-3.49923
-3.49935
-3.49881
-3.4973
-3.4964
-3.49542
-3.49522
-3.49482
-3.49521
-3.49643
-3.49851
-3.50027
-3.501
-3.50133
-3.50073
-3.50087
-3.49892
-3.49761
-3.49621
-3.49551
-3.49551
-3.49464
-3.49372
-3.49442
-3.49636
-3.49752
-3.49867
-3.49898
-3.49829
-3.50009
-3.4998
-3.50019
-3.50049
-3.50111
-3.50072
-3.49919
-3.49855
-3.49811
-3.49721
-3.49651
-3.49568
-3.49672
-3.4974
-3.49902
-3.50008
-3.501
-3.50182
-3.50284
-3.50185
-3.50226
-3.50114
-3.50018
-3.50011
-3.49988
-3.49928
-3.49968
-3.50055
-3.50127
-3.50089
-3.50138
-3.50219
-3.5015
-3.50083
-3.49945
-3.49909
-3.498
-3.4976
-3.49663
-3.49563
-3.4954
-3.49445
-3.4943
-3.4947
-3.49552
-3.49541
-3.49671
-3.4974
-3.4985
-3.49793
-3.49858
-3.4991
-3.49994
-3.50077
-3.50087
-3.50014
-3.50138
-3.5002
-3.5003
-3.50001
-3.49887
-3.50028
-3.50053
-3.50107
-3.50161
-3.50176
-3.50117
-3.4997
-3.49861
-3.49755
-3.4966
-3.49613
-3.49669
-3.49754
-3.50001
-3.50232
-3.50341
-3.50288
-3.50247
-3.5025
-3.50132
-3.50062
-3.50049
-3.49944
-3.49846
-3.4979
-3.49826
-3.49772
-3.49721
-3.49584
-3.49425
-3.49389
-3.49381
-3.49388
-3.49335
-3.49382
-3.4958
-3.49572
-3.49688
-3.49785
-3.49796
-3.49703
-3.49733
-3.49707
-3.4971
-3.49732
-3.49743
-3.49747
-3.49729
-3.49685
-3.49743
-3.49751
-3.49825
-3.49869
-3.498
-3.49686
-3.49682
-3.49639
-3.49488
-3.49434
-3.49381
-3.49477
-3.49514
-3.49653
-3.49688
-3.49709
-3.49698
-3.49655
-3.49871
-3.49918
-3.49919
-3.49907
-3.49924
-3.49894
-3.4979
-3.49781
-3.49693
-3.49677
-3.49693
-3.49915
-3.50134
-3.50239
-3.50244
-3.50262
-3.50297
-3.50249
-3.50179
-3.50164
-3.50065
-3.50015
-3.49908
-3.4982
-3.49888
-3.49904
-3.49928
-3.50033
-3.50062
-3.50097
-3.50076
-3.50045
-3.49992
-3.49986
-3.50063
-3.50034
-3.5008
-3.50104
-3.50141
-3.50111
-3.50071
-3.50004
-3.50031
-3.50014
-3.49941
-3.49861
-3.49679
-3.49571
-3.49558
-3.49608
-3.49587
-3.49693
-3.49761
-3.49676
-3.4968
-3.49771
-3.50024
-3.5015
-3.50242
-3.50149
-3.50146
-3.50057
-3.5003
-3.5006
-3.50067
-3.49948
-3.49979
-3.49996
-3.49937
-3.49954
-3.49914
-3.49885
-3.49898
-3.49995
-3.50136
-3.50318
-3.50382
-3.50415
-3.50313
-3.50224
-3.50019
-3.49877
-3.49863
-3.4975
-3.49752
-3.49857
-3.49927
-3.50002
-3.50011
-3.50171
-3.50355
-3.50468
-3.50448
-3.50403
-3.50331
-3.5021
-3.50204
-3.50163
-3.50039
-3.50077
-3.50042
-3.49854
-3.49798
-3.4978
-3.4972
-3.49616
-3.4965
-3.49694
-3.49874
-3.49912
-3.49971
-3.49996
-3.50127
-3.50116
-3.50224
-3.50172
-3.50267
-3.50207
-3.50189
-3.50169
-3.5015
-3.50195
-3.50196
-3.50192
-3.50079
-3.50035
-3.49914
-3.49825
-3.49779
-3.49841
-3.49953
-3.50087
-3.50083
-3.50059
-3.50132
-3.50072
-3.50027
-3.49948
-3.49941
-3.50035
-3.50121
-3.5015
-3.50164
-3.50292
-3.50484
-3.50577
-3.50622
-3.50834
-3.50861
-3.50674
-3.50584
-3.50476
-3.50382
-3.50156
-3.50039
-3.49996
-3.49901
-3.49924
-3.49982
-3.49919
-3.50083
-3.50191
-3.50226
-3.50235
-3.50385
-3.50471
-3.50676
-3.50701
-3.50761
-3.50707
-3.50739
-3.50643
-3.50647
-3.50664
-3.50751
-3.50698
-3.50753
-3.50661
-3.50654
-3.50643
-3.50544
-3.5045
-3.50407
-3.50272
-3.50177
-3.50126
-3.50256
-3.50421
-3.50471
-3.5049
-3.50467
-3.50371
-3.50324
-3.50309
-3.50385
-3.50434
-3.50418
-3.50363
-3.50338
-3.50231
-2.26978
-2.26629
-2.26575
-2.26353
-2.26404
-2.26519
-2.26687
-2.26879
-2.26976
-2.27159
-2.27127
-2.27069
-2.26898
-2.26939
-2.26941
-2.26992
-2.27128
-2.2726
-2.2737
-2.2729
-2.27203
-2.27185
-2.2707
-2.27067
-2.27121
-2.27201
-2.27294
-2.27253
-2.27109
-2.26964
-2.268
-2.26672
-2.26602
-2.26584
-2.26561
-2.26738
-2.26793
-2.26949
-2.2691
-2.26913
-2.26989
-2.2715
-2.27111
-2.27158
-2.27332
-2.27295
-2.27026
-2.2688
-2.26755
-2.26752
-2.26718
-2.26682
-2.2668
-2.26681
-2.26742
-2.26723
-2.26589
-2.26446
-2.26399
-2.26319
-2.26334
-2.26368
-2.26546
-2.26733
-2.26819
-2.26912
-2.26937
-2.26887
-2.26701
-2.2661
-2.26347
-2.26374
-2.26554
-2.2662
-2.26809
-2.26886
-2.2703
-2.27182
-2.27139
-2.27082
-2.26923
-2.26983
-2.27023
-2.27164
-2.27173
-2.2728
-2.2733
-2.27331
-2.27324
-2.27099
-2.26901
-2.26756
-2.2665
-2.26655
-2.26671
-2.26762
-2.26864
-2.27042
-2.27202
-2.27321
-2.27413
-2.27466
-2.27467
-2.27475
-2.27497
-2.27281
-2.27076
-2.26855
-2.26579
-2.26476
-2.26541
-2.26622
-2.26684
-2.26736
-2.26696
-2.2662
-2.26682
-2.26712
-2.26772
-2.26861
-2.2693
-2.26819
-2.2682
-2.26751
-2.26546
-2.26326
-2.26299
-2.26288
-2.26275
-2.26359
-2.26471
-2.26567
-2.26666
-2.26833
-2.26857
-2.2688
-2.27006
-2.2704
-2.27191
-2.27108
-2.27103
-2.27111
-2.27124
-2.27171
-2.27216
-2.27018
-2.26855
-2.26723
-2.26726
-2.26653
-2.26669
-2.26796
-2.26811
-2.26826
-2.26739
-2.26673
-2.26595
-2.26426
-2.26358
-2.26426
-2.26664
-2.26744
-2.26849
-2.26943
-2.26941
-2.26955
-2.26824
-2.26723
-2.26698
-2.26654
-2.26605
-2.26544
-2.26608
-2.26513
-2.26467
-2.26324
-2.26221
-2.26086
-2.26036
-2.26211
-2.26402
-2.26653
-2.26756
-2.26793
-2.26861
-2.26796
-2.26809
-2.26709
-2.26564
-2.26312
-2.26315
-2.26345
-2.26247
-2.26211
-2.26229
-2.26258
-2.26346
-2.26562
-2.26717
-2.26874
-2.27049
-2.27137
-2.27147
-2.27045
-2.26937
-2.26771
-2.26743
-2.26703
-2.26698
-2.26711
-2.26774
-2.26845
-2.26819
-2.26658
-2.26539
-2.26562
-2.26619
-2.26725
-2.26768
-2.26844
-2.26865
-2.26893
-2.2681
-2.26711
-2.26596
-2.26505
-2.26574
-2.26728
-2.26868
-2.26972
-2.26987
-2.27062
-2.27181
-2.27162
-2.2708
-2.26973
-2.26862
-2.26844
-2.26823
-2.26816
-2.26807
-2.26765
-2.26758
-2.26774
-2.26748
-2.26785
-2.26938
-2.27204
-2.27495
-2.27704
-2.27765
-2.27679
-2.27564
-2.27473
-2.27193
-2.26939
-2.26658
-2.26513
-2.26428
-2.26337
-2.26385
-2.26271
-2.26425
-2.26581
-2.26778
-2.26783
-2.26789
-2.26769
-2.26821
-2.26851
-2.26926
-2.26763
-2.26672
-2.26728
-2.2669
-2.26669
-2.26662
-2.26697
-2.26868
-2.26898
-2.26841
-2.26886
-2.26926
-2.2698
-2.26969
-2.26962
-2.2703
-2.27081
-2.27059
-2.27002
-2.26928
-2.2688
-2.26807
-2.26848
-2.26622
-2.26378
-2.2637
-2.26399
-2.26534
-2.2676
-2.27164
-2.27476
-2.27669
-2.27704
-2.27676
-2.27473
-2.27242
-2.26978
-2.26861
-2.26853
-2.26886
-2.26974
-2.26976
-2.27009
-2.26905
-2.2688
-2.26829
-2.26935
-2.26988
-2.27101
-2.27241
-2.27291
-2.27101
-2.27064
-2.26928
-2.26878
-2.26885
-2.27007
-2.27106
-2.27094
-2.27127
-2.27018
-2.26982
-2.26808
-2.26677
-2.26587
-2.26536
-2.26491
-2.265
-2.26585
-2.26654
-2.26672
-2.26635
-2.26536
-2.26573
-2.26626
-2.26698
-2.26688
-2.26731
-2.26721
-2.26626
-2.26615
-2.26581
-2.26514
-2.26518
-2.26512
-2.26564
-2.26604
-2.26602
-2.26736
-2.26732
-2.26755
-2.26676
-2.26542
-2.26401
-2.26215
-2.26253
-2.26287
-2.26359
-2.26308
-2.26427
-2.26424
-2.2645
-2.26464
-2.26523
-2.26592
-2.26637
-2.26823
-2.26816
-2.26737
-2.26737
-2.26719
-2.26737
-2.26716
-2.26806
-2.26812
-2.26796
-2.26784
-2.26879
-2.26939
-2.26801
-2.26793
-2.26742
-2.26603
-2.26553
-2.26531
-2.26607
-2.26643
-2.26727
-2.26884
-2.27052
-2.27284
-2.27271
-2.27224
-2.27241
-2.2723
-2.27144
-2.27152
-2.27152
-2.27083
-2.26994
-2.27097
-2.27198
-2.27112
-2.27069
-2.26905
-2.26883
-2.26688
-2.26559
-2.26461
-2.2646
-2.26442
-2.26428
-2.2634
-2.26404
-2.26538
-2.26746
-2.26687
-2.26864
-2.26943
-2.27008
-2.2695
-2.26797
-2.26598
-2.26406
-2.26296
-2.26313
-2.26369
-2.26609
-2.26692
-2.26631
-2.26648
-2.26562
-2.2655
-2.26522
-2.26414
-2.26422
-2.26454
-2.26525
-2.26431
-2.26362
-2.26346
-2.26269
-2.26283
-2.26279
-2.26354
-2.26526
-2.26584
-2.26803
-2.26795
-2.26848
-2.26754
-2.26789
-2.26795
-2.2674
-2.26566
-2.26476
-2.26571
-2.26594
-2.26722
-2.26718
-2.26758
-2.26729
-2.26665
-2.26692
-2.26631
-2.2652
-2.26502
-2.26565
-2.266
-2.26849
-2.26859
-2.26851
-2.26639
-2.26513
-2.2644
-2.263
-2.26284
-2.26299
-2.26483
-2.26822
-2.27105
-2.27219
-2.27032
-2.26803
-2.26748
-2.26872
-2.27066
-2.27211
-2.27141
-2.26837
-2.26648
-2.26621
-2.26662
-2.26734
-2.26703
-2.26751
-2.26798
-2.27032
-2.27204
-2.27327
-2.27273
-2.27116
-2.26905
-2.26604
-2.26304
-2.26042
-2.25972
-2.25904
-2.26087
-2.26293
-2.26578
-2.26865
-2.27023
-2.27076
-2.2703
-2.26859
-2.26824
-2.2677
-2.26728
-2.26916
-2.26993
-2.27115
-2.2718
-2.27168
-2.27064
-2.26906
-2.26812
-2.26793
-2.2674
-2.26925
-2.26951
-2.26985
-2.27001
-2.27064
-2.26771
-2.26755
-2.26643
-2.26702
-2.26984
-2.27231
-2.27343
-2.27379
-2.27265
-2.2706
-2.26822
-2.26573
-2.26563
-2.26708
-2.26881
-2.27096
-2.27223
-2.27285
-2.27195
-2.26979
-2.2677
-2.26657
-2.26686
-2.2671
-2.26855
-2.26759
-2.26637
-2.26595
-2.26516
-2.26548
-2.26528
-2.2655
-2.26525
-2.26823
-2.26857
-2.26863
-2.26979
-2.27065
-2.27162
-2.27283
-2.27312
-2.27194
-2.27032
-2.26887
-2.26693
-2.26554
-2.26388
-2.26356
-2.26324
-2.26342
-2.26558
-2.26684
-2.26792
-2.26894
-2.26852
-2.26726
-2.26744
-2.26778
-2.2684
-2.26801
-2.26798
-2.26717
-2.26621
-2.26571
-2.26571
-2.26645
-2.26534
-2.26471
-2.26346
-2.26207
-2.2621
-2.26287
-2.26383
-2.26408
-2.26497
-2.26637
-2.26875
-2.26996
-2.27049
-2.26993
-2.27001
-2.26995
-2.26943
-2.26938
-2.26898
-2.26949
-2.27
-2.26958
-2.26938
-2.26857
-2.2663
-2.26436
-2.26199
-2.26007
-2.2602
-2.26297
-2.26598
-2.26887
-2.27039
-2.27004
-2.26926
-2.26695
-2.26559
-2.2643
-2.26276
-2.26171
-2.26289
-2.26294
-2.26302
-2.26495
-2.26518
-2.26497
-2.26509
-2.26629
-2.26629
-2.26626
-2.26732
-2.26724
-2.26576
-2.26568
-2.2642
-2.26327
-2.26275
-2.26288
-2.26373
-2.26493
-2.26631
-2.26749
-2.26626
-2.26516
-2.26461
-2.26321
-2.26217
-2.26076
-2.25944
-2.25914
-2.25978
-2.26106
-2.26325
-2.26424
-2.26528
-2.26664
-2.26679
-2.26568
-2.264
-2.26272
-2.26286
-2.26328
-2.26522
-2.26601
-2.26604
-2.26394
-2.26209
-2.26085
-2.26044
-2.26088
-2.26075
-2.25997
-2.25935
-2.25941
-2.26053
-2.26167
-2.26219
-2.26269
-2.26401
-2.26328
-2.26391
-2.26229
-2.2628
-2.26293
-2.26292
-2.26482
-2.26468
-2.26501
-2.26463
-2.26508
-2.26494
-2.26541
-2.26656
-2.26713
-2.26814
-2.26895
-2.26921
-2.26832
-2.26852
-2.26869
-2.26824
-2.26622
-2.26642
-2.26546
-2.26569
-2.26661
-2.26794
-2.26781
-2.26901
-2.26917
-2.26931
-2.26826
-2.26793
-2.26734
-2.26697
-2.2668
-2.26545
-2.26658
-2.26629
-2.26785
-2.26895
-2.26932
-2.26996
-2.2695
-2.26925
-2.26855
-2.26821
-2.26696
-2.26673
-2.26613
-2.26476
-2.26328
-2.26241
-2.26275
-2.26293
-2.26387
-2.26491
-2.26587
-2.26546
-2.26609
-2.26714
-2.26728
-2.2677
-2.26914
-2.2697
-2.27067
-2.27035
-2.26891
-2.26692
-2.26442
-2.26424
-2.26331
-2.26383
-2.2624
-2.26147
-2.26098
-2.26263
-2.26463
-2.26568
-2.2664
-2.26899
-2.27089
-2.27047
-2.26975
-2.2685
-2.26713
-2.26646
-2.26569
-2.26443
-2.26456
-2.26364
-2.26539
-2.26537
-2.26644
-2.26811
-2.2681
-2.26747
-2.26636
-2.26526
-2.264
-2.26273
-2.26248
-2.26198
-2.26308
-2.26431
-2.26431
-2.26663
-2.26597
-2.2654
-2.2672
-2.26689
-2.26529
-2.26452
-2.26539
-2.26714
-2.26995
-2.27262
-2.27486
-2.27538
-2.27566
-2.27496
-2.27522
-2.27433
-2.27659
-2.27601
-2.27436
-2.27299
-2.27285
-2.27162
-2.27059
-2.27067
-2.27249
-2.27322
-2.27465
-2.27533
-2.27414
-2.27263
-2.27089
-2.27101
-2.27256
-2.27507
-2.27604
-2.27598
-2.27462
-2.2745
-2.27324
-2.27323
-2.27428
-2.27517
-2.27695
-2.27627
-2.27569
-2.27483
-2.27205
-2.27147
-2.27057
-2.2705
-2.27167
-2.27301
-2.27393
-2.27373
-2.27314
-2.27282
-2.27161
-2.26982
-2.27067
-2.272
-2.27165
-2.27276
-2.27274
-2.27264
-2.27075
-2.26876
-2.26826
-2.26604
-2.26648
-2.26912
-2.27005
-2.27077
-2.27191
-2.2715
-2.26876
-2.26718
-2.2672
-2.26788
-2.2697
-2.27107
-2.27302
-2.27355
-2.27354
-2.27175
-2.26862
-2.26668
-2.26645
-2.26563
-2.26762
-2.26742
-2.26827
-2.26927
-2.27058
-2.27269
-2.27423
-2.27474
-2.27402
-2.27236
-2.26892
-2.26664
-2.26594
-2.26583
-2.26772
-2.26887
-2.27087
-2.27221
-2.27422
-2.27511
-2.27547
-2.27537
-2.27462
-2.27235
-2.27108
-2.27087
-2.26984
-2.26963
-2.26903
-2.27018
-2.27051
-2.27207
-2.27155
-2.27121
-2.26905
-2.2668
-2.26525
-2.26333
-2.26385
-2.26274
-2.26428
-2.26629
-2.26658
-2.267
-2.26904
-2.27177
-2.27345
-2.27335
-2.27274
-2.27271
-2.27004
-2.26856
-2.26843
-2.26771
-2.26672
-2.26602
-2.26516
-2.26559
-2.26604
-2.26655
-2.26819
-2.26772
-2.26853
-2.27018
-2.27054
-2.27027
-2.26955
-2.26859
-2.26649
-2.26595
-2.26627
-2.26875
-2.26816
-2.26843
-2.26908
-2.27
-2.26864
-2.26646
-2.26392
-2.26233
-2.26144
-2.26053
-2.2597
-2.26163
-2.26245
-2.26368
-2.26431
-2.26507
-2.2665
-2.26673
-2.26734
-2.26727
-2.26867
-2.26861
-1.71046
-1.70797
-1.70454
-1.7028
-1.69884
-1.69807
-1.69905
-1.70108
-1.70267
-1.70537
-1.70714
-1.70722
-1.7073
-1.70813
-1.70844
-1.70868
-1.70842
-1.70845
-1.7067
-1.70451
-1.70211
-1.70049
-1.69944
-1.70079
-1.7003
-1.70244
-1.70595
-1.70709
-1.70556
-1.70588
-1.70517
-1.70476
-1.70503
-1.70428
-1.70381
-1.70403
-1.70228
-1.70244
-1.70213
-1.70186
-1.7025
-1.70185
-1.70302
-1.70476
-1.70592
-1.7072
-1.70918
-1.70923
-1.70918
-1.70938
-1.70788
-1.70551
-1.70456
-1.70204
-1.69984
-1.69882
-1.69879
-1.69884
-1.69885
-1.70005
-1.70254
-1.70508
-1.70651
-1.70851
-1.70974
-1.71088
-1.71207
-1.71314
-1.71284
-1.71278
-1.71328
-1.71307
-1.71188
-1.7114
-1.71017
-1.70995
-1.71002
-1.70848
-1.70865
-1.70906
-1.70961
-1.71018
-1.71033
-1.70925
-1.71081
-1.71105
-1.70971
-1.70915
-1.70787
-1.70635
-1.70563
-1.70637
-1.70679
-1.70734
-1.71063
-1.71228
-1.71421
-1.71554
-1.7155
-1.7146
-1.71259
-1.71047
-1.70836
-1.70684
-1.7045
-1.70417
-1.70448
-1.70452
-1.70672
-1.70792
-1.70932
-1.70999
-1.71047
-1.70982
-1.71076
-1.71123
-1.70953
-1.70887
-1.70894
-1.70934
-1.70991
-1.7109
-1.7115
-1.71096
-1.71115
-1.71017
-1.71057
-1.71128
-1.71127
-1.71126
-1.71238
-1.71255
-1.71075
-1.71022
-1.71004
-1.71034
-1.70933
-1.70966
-1.71108
-1.7114
-1.71287
-1.7146
-1.71691
-1.71917
-1.71909
-1.7173
-1.71625
-1.71531
-1.71511
-1.71568
-1.71601
-1.71743
-1.71748
-1.71817
-1.71805
-1.71649
-1.71365
-1.71218
-1.71161
-1.71032
-1.70906
-1.70701
-1.7065
-1.70664
-1.70767
-1.70816
-1.71031
-1.71128
-1.71016
-1.70978
-1.70919
-1.70986
-1.70787
-1.7082
-1.70776
-1.70905
-1.71021
-1.71183
-1.71275
-1.71192
-1.71163
-1.71112
-1.71032
-1.70992
-1.7109
-1.71206
-1.71299
-1.71497
-1.71629
-1.71676
-1.71495
-1.71429
-1.71379
-1.7125
-1.71173
-1.71106
-1.71092
-1.71069
-1.71013
-1.71027
-1.71007
-1.71053
-1.71066
-1.71093
-1.70958
-1.70799
-1.70814
-1.70795
-1.70895
-1.71189
-1.71419
-1.71529
-1.71636
-1.71642
-1.71452
-1.71209
-1.71065
-1.7084
-1.70541
-1.7032
-1.70237
-1.7024
-1.70345
-1.70574
-1.70942
-1.71207
-1.71363
-1.71332
-1.71268
-1.71238
-1.71271
-1.71312
-1.71306
-1.7135
-1.7131
-1.71373
-1.71404
-1.71405
-1.71443
-1.71347
-1.7149
-1.71588
-1.71539
-1.71428
-1.71316
-1.71316
-1.71341
-1.71316
-1.71306
-1.71271
-1.7132
-1.713
-1.71255
-1.71294
-1.71263
-1.71135
-1.71176
-1.71171
-1.71197
-1.71337
-1.71415
-1.71515
-1.71706
-1.71824
-1.71915
-1.72032
-1.71784
-1.71675
-1.71589
-1.7146
-1.71396
-1.7132
-1.71148
-1.7091
-1.70726
-1.70649
-1.70622
-1.70546
-1.70661
-1.70814
-1.71127
-1.71318
-1.71529
-1.71337
-1.71198
-1.71139
-1.70965
-1.71135
-1.70992
-1.71099
-1.7111
-1.71044
-1.71016
-1.70973
-1.70897
-1.70756
-1.70648
-1.70686
-1.70712
-1.70722
-1.70827
-1.70917
-1.70911
-1.71053
-1.70818
-1.70662
-1.70494
-1.70332
-1.70291
-1.70381
-1.70666
-1.70902
-1.71052
-1.71188
-1.7121
-1.71212
-1.71119
-1.71104
-1.71178
-1.71193
-1.7126
-1.7116
-1.70934
-1.70903
-1.70912
-1.70966
-1.70959
-1.71093
-1.71109
-1.71052
-1.70884
-1.70759
-1.7054
-1.70482
-1.70668
-1.70738
-1.70898
-1.70957
-1.71126
-1.71198
-1.71347
-1.71416
-1.7136
-1.71119
-1.71174
-1.71156
-1.7109
-1.70907
-1.70853
-1.70844
-1.70941
-1.70887
-1.70897
-1.71009
-1.70942
-1.70722
-1.70686
-1.70643
-1.70577
-1.70707
-1.70859
-1.70878
-1.70966
-1.70911
-1.70969
-1.7093
-1.7091
-1.70842
-1.70848
-1.70683
-1.70591
-1.70489
-1.70519
-1.70639
-1.70773
-1.70996
-1.7105
-1.71029
-1.71079
-1.71073
-1.71176
-1.71161
-1.71053
-1.7097
-1.71017
-1.71074
-1.71229
-1.71362
-1.71337
-1.71549
-1.71613
-1.71831
-1.71988
-1.71964
-1.71606
-1.71225
-1.71068
-1.70984
-1.7083
-1.70774
-1.70742
-1.70753
-1.70893
-1.71254
-1.71559
-1.71619
-1.71638
-1.71643
-1.71681
-1.7169
-1.71915
-1.71976
-1.71969
-1.71821
-1.71647
-1.71474
-1.71323
-1.71088
-1.70897
-1.70741
-1.70721
-1.7089
-1.71116
-1.71141
-1.71139
-1.71026
-1.70888
-1.70755
-1.70803
-1.70831
-1.7072
-1.70683
-1.70637
-1.70794
-1.71035
-1.71154
-1.71227
-1.71262
-1.71186
-1.71106
-1.70982
-1.7093
-1.70781
-1.70795
-1.70774
-1.70776
-1.71068
-1.71241
-1.71032
-1.71015
-1.71064
-1.71092
-1.70986
-1.71046
-1.71012
-1.71194
-1.71279
-1.71285
-1.71103
-1.71089
-1.70877
-1.71001
-1.70972
-1.7103
-1.71126
-1.71118
-1.70972
-1.7084
-1.70668
-1.70699
-1.70606
-1.70684
-1.70819
-1.7116
-1.71293
-1.71395
-1.71667
-1.71675
-1.71418
-1.7118
-1.70817
-1.70626
-1.70451
-1.7072
-1.71221
-1.7138
-1.71403
-1.71337
-1.71097
-1.70965
-1.70833
-1.70826
-1.70858
-1.70952
-1.71188
-1.71297
-1.71292
-1.71364
-1.71321
-1.71313
-1.71243
-1.71264
-1.71204
-1.71258
-1.71163
-1.71093
-1.71099
-1.71158
-1.71107
-1.71076
-1.70951
-1.70904
-1.70978
-1.71245
-1.71349
-1.71473
-1.71495
-1.71481
-1.71349
-1.71345
-1.71349
-1.71543
-1.71797
-1.71938
-1.71961
-1.71861
-1.71729
-1.7144
-1.71259
-1.71133
-1.70941
-1.70619
-1.7053
-1.70418
-1.70547
-1.70611
-1.70774
-1.70955
-1.71106
-1.71252
-1.7125
-1.71058
-1.70949
-1.70827
-1.70779
-1.70764
-1.70821
-1.7079
-1.70874
-1.70915
-1.70967
-1.71006
-1.70848
-1.7089
-1.70955
-1.70968
-1.70975
-1.7088
-1.70738
-1.70472
-1.70361
-1.70592
-1.70934
-1.70911
-1.70854
-1.70767
-1.70841
-1.70956
-1.71147
-1.71186
-1.71172
-1.71207
-1.71172
-1.71211
-1.71064
-1.70845
-1.7072
-1.70688
-1.7062
-1.70469
-1.70477
-1.70425
-1.7065
-1.70844
-1.71021
-1.71153
-1.71164
-1.70823
-1.70652
-1.70328
-1.70214
-1.70272
-1.70557
-1.7089
-1.71124
-1.71425
-1.71436
-1.71348
-1.71181
-1.70973
-1.70682
-1.70473
-1.7044
-1.70489
-1.70598
-1.7078
-1.70933
-1.70988
-1.71001
-1.70906
-1.70701
-1.70655
-1.70569
-1.70572
-1.70579
-1.70593
-1.70627
-1.70613
-1.70464
-1.70325
-1.70264
-1.70257
-1.70386
-1.70508
-1.70996
-1.71383
-1.71609
-1.71635
-1.71631
-1.71425
-1.71305
-1.71178
-1.71011
-1.70918
-1.70791
-1.70859
-1.70792
-1.70821
-1.70749
-1.70564
-1.70344
-1.70329
-1.70104
-1.70101
-1.70231
-1.70606
-1.71023
-1.71319
-1.71591
-1.7161
-1.7153
-1.71457
-1.71263
-1.70947
-1.70786
-1.70601
-1.70567
-1.70363
-1.70154
-1.70156
-1.70228
-1.7021
-1.70438
-1.70582
-1.70712
-1.70806
-1.70809
-1.70771
-1.70818
-1.70664
-1.70495
-1.70342
-1.70254
-1.70247
-1.70352
-1.7059
-1.71072
-1.71493
-1.71982
-1.7196
-1.71859
-1.71675
-1.71462
-1.71191
-1.70972
-1.70888
-1.70848
-1.70932
-1.70986
-1.7099
-1.71081
-1.71207
-1.7125
-1.71282
-1.71348
-1.7124
-1.71165
-1.71057
-1.70887
-1.70781
-1.70713
-1.70667
-1.70706
-1.70855
-1.71079
-1.71224
-1.71506
-1.71651
-1.7164
-1.71515
-1.71408
-1.71252
-1.7116
-1.71075
-1.71102
-1.71148
-1.71207
-1.71417
-1.71313
-1.71195
-1.71197
-1.71247
-1.71146
-1.71249
-1.7149
-1.71584
-1.71705
-1.71661
-1.71595
-1.71385
-1.7123
-1.70986
-1.70896
-1.70942
-1.70899
-1.71
-1.71032
-1.71004
-1.70988
-1.71108
-1.7102
-1.71215
-1.71263
-1.71531
-1.71756
-1.71735
-1.71753
-1.71577
-1.71421
-1.71351
-1.71246
-1.71024
-1.70787
-1.70823
-1.71023
-1.71311
-1.71477
-1.71607
-1.7138
-1.71257
-1.71121
-1.71004
-1.70894
-1.70757
-1.70752
-1.70825
-1.70751
-1.70758
-1.70603
-1.70743
-1.70761
-1.7086
-1.70866
-1.71025
-1.71113
-1.71013
-1.70943
-1.70795
-1.7068
-1.70596
-1.70672
-1.70818
-1.70852
-1.70878
-1.71018
-1.71036
-1.71183
-1.71218
-1.71276
-1.71326
-1.71256
-1.70977
-1.70841
-1.7084
-1.70793
-1.70812
-1.71019
-1.71115
-1.71161
-1.71169
-1.71119
-1.70932
-1.70974
-1.71024
-1.71005
-1.70982
-1.7078
-1.70684
-1.70685
-1.70551
-1.70432
-1.70411
-1.70542
-1.70859
-1.71059
-1.71073
-1.71053
-1.71124
-1.70994
-1.7107
-1.71059
-1.71126
-1.7118
-1.71131
-1.71283
-1.71404
-1.71421
-1.71333
-1.71088
-1.70726
-1.7056
-1.7052
-1.70931
-1.71344
-1.71563
-1.71704
-1.71718
-1.71751
-1.7171
-1.71747
-1.71718
-1.71675
-1.71457
-1.71558
-1.71461
-1.71312
-1.71266
-1.71054
-1.71073
-1.71222
-1.71228
-1.71199
-1.7118
-1.71099
-1.71002
-1.70968
-1.70914
-1.7121
-1.71272
-1.71296
-1.71171
-1.71228
-1.7126
-1.7128
-1.71385
-1.71451
-1.7147
-1.71336
-1.71285
-1.71271
-1.71151
-1.71161
-1.7104
-1.70963
-1.70976
-1.71044
-1.71044
-1.71029
-1.71085
-1.71094
-1.71119
-1.71061
-1.71097
-1.71054
-1.7094
-1.709
-1.70762
-1.70691
-1.70585
-1.70624
-1.70634
-1.70749
-1.71031
-1.71336
-1.71535
-1.71401
-1.71336
-1.71254
-1.71245
-1.7104
-1.70771
-1.70549
-1.70295
-1.70115
-1.70087
-1.70052
-1.70104
-1.70162
-1.70309
-1.70806
-1.71248
-1.71655
-1.71835
-1.71786
-1.71508
-1.71181
-1.70935
-1.70865
-1.70658
-1.70714
-1.70766
-1.70817
-1.71009
-1.71066
-1.71083
-1.71099
-1.71153
-1.71178
-1.71072
-1.71136
-1.71175
-1.71125
-1.71067
-1.71045
-1.7099
-1.711
-1.71176
-1.71262
-1.71369
-1.71266
-1.71186
-1.71165
-1.71115
-1.70977
-1.70811
-1.70853
-1.70789
-1.70793
-1.70767
-1.70739
-1.70869
-1.71068
-1.71168
-1.71395
-1.71638
-1.7165
-1.71597
-1.71405
-1.71177
-1.70952
-1.70797
-1.70573
-1.70666
-1.7078
-1.70837
-1.71
-1.70987
-1.71094
-1.70979
-1.70895
-1.70741
-1.7068
-1.70604
-1.70642
-1.70885
-1.71151
-1.71487
-1.71672
-1.71703
-1.71684
-1.71525
-1.7126
-1.70903
-1.70885
-1.70829
-1.70986
-1.71026
-1.71099
-1.71287
-1.71284
-1.71281
-1.71264
-1.71245
-1.71182
-1.71022
-1.70874
-1.7082
-1.70881
-1.71027
-1.71326
-1.55768
-1.55783
-1.55697
-1.55584
-1.55495
-1.5542
-1.55505
-1.55483
-1.55278
-1.55
-1.54678
-1.54286
-1.54117
-1.54245
-1.54507
-1.54912
-1.55141
-1.55264
-1.55324
-1.55506
-1.55658
-1.55819
-1.5576
-1.5569
-1.55704
-1.55596
-1.55453
-1.5532
-1.5531
-1.55161
-1.55041
-1.54901
-1.54809
-1.54671
-1.54726
-1.54801
-1.54982
-1.55228
-1.55538
-1.55855
-1.55872
-1.5552
-1.55236
-1.54815
-1.54592
-1.54506
-1.54376
-1.54662
-1.55497
-1.56269
-1.56402
-1.56207
-1.55966
-1.55776
-1.5569
-1.55642
-1.55619
-1.55625
-1.55609
-1.55476
-1.55519
-1.55403
-1.55386
-1.55449
-1.55501
-1.5565
-1.55661
-1.55708
-1.55644
-1.5564
-1.55476
-1.55198
-1.5541
-1.55932
-1.56222
-1.56316
-1.56217
-1.56224
-1.56251
-1.56051
-1.55926
-1.55672
-1.55633
-1.55618
-1.55523
-1.55533
-1.55575
-1.55748
-1.55859
-1.55691
-1.55478
-1.55493
-1.55498
-1.55458
-1.55354
-1.55285
-1.55258
-1.55174
-1.55218
-1.55278
-1.55395
-1.55565
-1.5569
-1.55647
-1.55649
-1.55594
-1.55661
-1.55629
-1.55593
-1.55555
-1.55451
-1.55564
-1.55422
-1.55311
-1.55345
-1.5522
-1.55239
-1.55353
-1.55622
-1.56094
-1.56229
-1.56265
-1.56396
-1.56136
-1.55843
-1.55687
-1.55454
-1.55416
-1.55311
-1.55378
-1.55459
-1.55422
-1.55241
-1.55169
-1.5511
-1.55094
-1.55153
-1.55155
-1.5511
-1.55159
-1.55121
-1.55111
-1.55131
-1.5503
-1.54991
-1.54875
-1.54785
-1.54877
-1.55101
-1.55165
-1.55308
-1.55353
-1.55467
-1.55395
-1.5531
-1.55434
-1.55521
-1.55657
-1.55656
-1.55479
-1.55421
-1.55289
-1.55277
-1.55194
-1.55239
-1.55332
-1.55491
-1.55628
-1.55696
-1.55834
-1.55884
-1.55775
-1.55522
-1.55244
-1.55076
-1.54906
-1.54815
-1.54711
-1.54704
-1.5478
-1.54816
-1.54781
-1.54892
-1.54909
-1.54956
-1.55241
-1.55453
-1.55552
-1.55519
-1.55501
-1.5545
-1.55252
-1.55293
-1.55171
-1.55187
-1.55237
-1.55409
-1.55611
-1.55794
-1.55968
-1.5583
-1.5558
-1.55217
-1.54956
-1.5484
-1.54796
-1.5491
-1.54993
-1.55223
-1.55388
-1.55503
-1.55354
-1.55212
-1.55087
-1.54999
-1.54795
-1.54687
-1.54745
-1.54879
-1.55078
-1.55367
-1.55513
-1.55669
-1.55723
-1.55595
-1.55456
-1.55173
-1.54881
-1.54623
-1.54638
-1.54598
-1.54406
-1.54309
-1.54318
-1.54466
-1.54668
-1.54902
-1.55052
-1.55034
-1.55009
-1.54906
-1.54717
-1.54796
-1.55061
-1.55234
-1.55326
-1.55537
-1.55558
-1.55479
-1.55223
-1.55059
-1.54867
-1.54918
-1.5486
-1.54889
-1.55154
-1.55462
-1.55777
-1.56163
-1.56269
-1.56143
-1.55866
-1.55557
-1.55246
-1.54899
-1.54651
-1.54191
-1.54044
-1.54079
-1.54442
-1.55102
-1.55636
-1.56126
-1.56358
-1.56582
-1.56463
-1.56227
-1.55985
-1.55628
-1.55435
-1.55239
-1.54954
-1.5498
-1.55029
-1.5498
-1.54827
-1.54884
-1.54904
-1.54951
-1.55047
-1.55068
-1.5506
-1.55247
-1.55358
-1.55369
-1.5544
-1.55359
-1.55229
-1.55244
-1.55194
-1.55326
-1.55489
-1.55604
-1.55652
-1.55607
-1.55696
-1.55598
-1.55555
-1.55529
-1.55479
-1.55344
-1.55391
-1.55603
-1.55849
-1.55966
-1.56043
-1.55962
-1.55956
-1.55752
-1.5556
-1.55334
-1.55273
-1.55311
-1.55208
-1.55062
-1.54945
-1.54938
-1.54957
-1.55252
-1.55469
-1.55849
-1.55939
-1.55996
-1.55958
-1.55837
-1.55652
-1.55385
-1.55234
-1.55357
-1.55564
-1.55657
-1.55731
-1.55656
-1.55648
-1.55521
-1.55506
-1.55354
-1.55411
-1.55364
-1.55386
-1.55507
-1.55672
-1.55641
-1.55605
-1.55666
-1.55578
-1.55552
-1.55614
-1.55569
-1.55471
-1.55416
-1.55227
-1.55209
-1.5515
-1.55061
-1.55093
-1.54819
-1.54689
-1.54752
-1.54516
-1.54545
-1.54597
-1.54698
-1.54898
-1.55155
-1.55324
-1.55452
-1.55502
-1.55496
-1.55415
-1.5525
-1.55051
-1.54938
-1.548
-1.54868
-1.55056
-1.55204
-1.55461
-1.55596
-1.55593
-1.55516
-1.55384
-1.55284
-1.55138
-1.54967
-1.54884
-1.54962
-1.54948
-1.5493
-1.5513
-1.55236
-1.55345
-1.55309
-1.55107
-1.55002
-1.54794
-1.54566
-1.54381
-1.54197
-1.54248
-1.54543
-1.54721
-1.54855
-1.54761
-1.5463
-1.54529
-1.54417
-1.54574
-1.55041
-1.55361
-1.55428
-1.55256
-1.54989
-1.548
-1.54511
-1.5448
-1.54523
-1.54805
-1.55002
-1.55183
-1.55238
-1.5528
-1.55307
-1.55348
-1.55389
-1.55321
-1.55061
-1.548
-1.54602
-1.54622
-1.5446
-1.5442
-1.54344
-1.54405
-1.54567
-1.54539
-1.54781
-1.54974
-1.55082
-1.55022
-1.54879
-1.54762
-1.5474
-1.54626
-1.54913
-1.55376
-1.55717
-1.55816
-1.5581
-1.55682
-1.55524
-1.55392
-1.55226
-1.55156
-1.5509
-1.55125
-1.55262
-1.55257
-1.55222
-1.55073
-1.55034
-1.55059
-1.55158
-1.55212
-1.5506
-1.55083
-1.55071
-1.55204
-1.55085
-1.55117
-1.5518
-1.55269
-1.55202
-1.55197
-1.55027
-1.54818
-1.54727
-1.54789
-1.54753
-1.54725
-1.54785
-1.54832
-1.54869
-1.54955
-1.55212
-1.55138
-1.55133
-1.55214
-1.55401
-1.55625
-1.55635
-1.55689
-1.55492
-1.55418
-1.55335
-1.55364
-1.55324
-1.5542
-1.55491
-1.55518
-1.55628
-1.55614
-1.55414
-1.55266
-1.55171
-1.55228
-1.55225
-1.55133
-1.55058
-1.55068
-1.55011
-1.55018
-1.55091
-1.55279
-1.55372
-1.5544
-1.55632
-1.55628
-1.55636
-1.5563
-1.55717
-1.55523
-1.55442
-1.55346
-1.55267
-1.55207
-1.549
-1.54716
-1.54692
-1.54742
-1.54792
-1.54713
-1.54755
-1.54794
-1.54745
-1.54799
-1.54689
-1.54842
-1.55102
-1.55273
-1.55329
-1.55328
-1.55198
-1.54985
-1.54679
-1.54365
-1.54059
-1.53926
-1.54074
-1.54269
-1.54414
-1.54736
-1.54934
-1.55016
-1.55193
-1.55329
-1.55441
-1.55579
-1.55434
-1.5527
-1.55068
-1.54931
-1.54884
-1.55105
-1.5539
-1.5552
-1.55503
-1.5536
-1.55143
-1.55138
-1.55278
-1.55418
-1.5562
-1.55716
-1.55474
-1.55288
-1.55209
-1.55115
-1.55008
-1.54913
-1.55132
-1.5512
-1.54873
-1.54686
-1.54573
-1.54499
-1.54361
-1.54465
-1.54645
-1.547
-1.54896
-1.54999
-1.55231
-1.55259
-1.55188
-1.551
-1.54988
-1.55143
-1.55135
-1.5511
-1.54944
-1.54782
-1.5481
-1.5493
-1.55147
-1.55296
-1.55519
-1.55569
-1.55497
-1.55442
-1.55356
-1.55268
-1.55124
-1.55138
-1.55122
-1.55113
-1.5504
-1.54945
-1.54802
-1.54808
-1.54785
-1.54801
-1.54917
-1.55061
-1.5525
-1.55307
-1.55333
-1.55217
-1.55323
-1.55189
-1.55079
-1.54909
-1.54754
-1.54581
-1.54482
-1.54465
-1.54738
-1.54915
-1.55268
-1.55374
-1.55459
-1.55297
-1.55067
-1.54898
-1.54854
-1.54846
-1.54945
-1.55021
-1.54942
-1.54969
-1.54887
-1.54882
-1.54893
-1.5492
-1.54858
-1.54764
-1.54907
-1.55231
-1.55508
-1.55846
-1.55957
-1.55899
-1.55835
-1.55733
-1.5567
-1.55501
-1.55324
-1.55223
-1.55205
-1.55168
-1.55141
-1.55023
-1.55145
-1.55262
-1.55199
-1.55076
-1.55068
-1.551
-1.55354
-1.5549
-1.55333
-1.55275
-1.5522
-1.55066
-1.55073
-1.55126
-1.55046
-1.5513
-1.55266
-1.55212
-1.54983
-1.54862
-1.54724
-1.54728
-1.54822
-1.54933
-1.54965
-1.5492
-1.54951
-1.54977
-1.55132
-1.55164
-1.54993
-1.54893
-1.54766
-1.54423
-1.54269
-1.54168
-1.54202
-1.54319
-1.54632
-1.54964
-1.55014
-1.55145
-1.55124
-1.55115
-1.5505
-1.54946
-1.54895
-1.54956
-1.55002
-1.55195
-1.55146
-1.55189
-1.55265
-1.55117
-1.55015
-1.54927
-1.54863
-1.54945
-1.55106
-1.55219
-1.55411
-1.55482
-1.55404
-1.55443
-1.55396
-1.55364
-1.55209
-1.55131
-1.55099
-1.55046
-1.55074
-1.55187
-1.55155
-1.5512
-1.55136
-1.5525
-1.55296
-1.55242
-1.5509
-1.54967
-1.54797
-1.54754
-1.54619
-1.54705
-1.54934
-1.55171
-1.55458
-1.55791
-1.55909
-1.55824
-1.55604
-1.5546
-1.55293
-1.55262
-1.55183
-1.55149
-1.55126
-1.55125
-1.55276
-1.55446
-1.55449
-1.55521
-1.55396
-1.55491
-1.55515
-1.55436
-1.55446
-1.5534
-1.55112
-1.55142
-1.55192
-1.55294
-1.55362
-1.55322
-1.55288
-1.55194
-1.54967
-1.54888
-1.54886
-1.5495
-1.5512
-1.55264
-1.55303
-1.55425
-1.55521
-1.55575
-1.55437
-1.55116
-1.5494
-1.54756
-1.54676
-1.54813
-1.54819
-1.54762
-1.54847
-1.54904
-1.54937
-1.55142
-1.5531
-1.55531
-1.55464
-1.55404
-1.55401
-1.55414
-1.55425
-1.55374
-1.55278
-1.55199
-1.55093
-1.55029
-1.55167
-1.5539
-1.55327
-1.55555
-1.55666
-1.55629
-1.55566
-1.5544
-1.55391
-1.55489
-1.55343
-1.55359
-1.55317
-1.5544
-1.5551
-1.55541
-1.55399
-1.55438
-1.55259
-1.55073
-1.54832
-1.548
-1.55045
-1.55445
-1.55714
-1.5603
-1.5602
-1.55742
-1.55463
-1.55386
-1.55226
-1.55355
-1.5544
-1.55356
-1.55286
-1.55241
-1.55122
-1.55177
-1.55335
-1.55433
-1.55614
-1.55572
-1.55588
-1.55623
-1.55482
-1.55402
-1.55297
-1.55285
-1.55267
-1.55274
-1.55083
-1.54988
-1.54907
-1.54909
-1.54881
-1.54876
-1.54949
-1.55129
-1.55135
-1.55022
-1.55187
-1.55324
-1.55435
-1.55719
-1.55939
-1.56141
-1.56248
-1.56197
-1.55983
-1.55683
-1.55207
-1.5495
-1.54755
-1.54591
-1.54633
-1.54761
-1.54864
-1.55108
-1.55486
-1.55826
-1.55806
-1.55768
-1.55647
-1.55508
-1.5539
-1.55299
-1.5513
-1.55124
-1.5511
-1.55181
-1.5549
-1.5574
-1.56091
-1.56072
-1.56038
-1.5588
-1.5563
-1.5512
-1.54881
-1.54795
-1.54898
-1.551
-1.55277
-1.55605
-1.55768
-1.55684
-1.55646
-1.55451
-1.55311
-1.55141
-1.5506
-1.54906
-1.54915
-1.54995
-1.55271
-1.55613
-1.55936
-1.56149
-1.56241
-1.56175
-1.55975
-1.55777
-1.5565
-1.55422
-1.55361
-1.55103
-1.55127
-1.54998
-1.55023
-1.54983
-1.55057
-1.55187
-1.55485
-1.55481
-1.55374
-1.55251
-1.55096
-1.55106
-1.55172
-1.55232
-1.55217
-1.55174
-1.55134
-1.54909
-1.54888
-1.55277
-1.55637
-1.56113
-1.56368
-1.5642
-1.5635
-1.56313
-1.56022
-1.55692
-1.55542
-1.55468
-1.55491
-1.55602
-1.55795
-1.56003
-1.5606
-1.55999
-1.55835
-1.55593
-1.55481
-1.55408
-1.55445
-1.55523
-1.64303
-1.64363
-1.64502
-1.64656
-1.64645
-1.64423
-1.64308
-1.64138
-1.63958
-1.63694
-1.63433
-1.63208
-1.62875
-1.62668
-1.6261
-1.62687
-1.62795
-1.62973
-1.63325
-1.6364
-1.64003
-1.6432
-1.64404
-1.64405
-1.64382
-1.64538
-1.64417
-1.64328
-1.64305
-1.64053
-1.6368
-1.63449
-1.63275
-1.63308
-1.63443
-1.63664
-1.63726
-1.63614
-1.63393
-1.63351
-1.63389
-1.63226
-1.63295
-1.63361
-1.63507
-1.63604
-1.63504
-1.63639
-1.63613
-1.63585
-1.6356
-1.63399
-1.63414
-1.63529
-1.63755
-1.64034
-1.64145
-1.64047
-1.63776
-1.63535
-1.63375
-1.63134
-1.63006
-1.62927
-1.62858
-1.63065
-1.63218
-1.6334
-1.63564
-1.63661
-1.63813
-1.63735
-1.63684
-1.6359
-1.63656
-1.63817
-1.6383
-1.63863
-1.64041
-1.64111
-1.64193
-1.64296
-1.64065
-1.6398
-1.63909
-1.63722
-1.63692
-1.63602
-1.6365
-1.63767
-1.63978
-1.64135
-1.64111
-1.63954
-1.63897
-1.63742
-1.63786
-1.63629
-1.63512
-1.6327
-1.63219
-1.63322
-1.63488
-1.63724
-1.63911
-1.64107
-1.64194
-1.64256
-1.64148
-1.63954
-1.63844
-1.63892
-1.63885
-1.63823
-1.63834
-1.6379
-1.63925
-1.64038
-1.63997
-1.64062
-1.6397
-1.63892
-1.63874
-1.6376
-1.63602
-1.6346
-1.63528
-1.63484
-1.63803
-1.63992
-1.64137
-1.64271
-1.6419
-1.64058
-1.63815
-1.63631
-1.63362
-1.6325
-1.63222
-1.6336
-1.63758
-1.64374
-1.64751
-1.64739
-1.6463
-1.64435
-1.64149
-1.63914
-1.63788
-1.63791
-1.63912
-1.63892
-1.63718
-1.63634
-1.63551
-1.63483
-1.63511
-1.63679
-1.63916
-1.6411
-1.6421
-1.64166
-1.64202
-1.6422
-1.64093
-1.6411
-1.64016
-1.64055
-1.6401
-1.64085
-1.64145
-1.64285
-1.64421
-1.64542
-1.64468
-1.64203
-1.63996
-1.63895
-1.63781
-1.63746
-1.63798
-1.63744
-1.63689
-1.63555
-1.63588
-1.63541
-1.63625
-1.63786
-1.63877
-1.64029
-1.64011
-1.64073
-1.63975
-1.63921
-1.63734
-1.63684
-1.6366
-1.63639
-1.63751
-1.63924
-1.64068
-1.64067
-1.6399
-1.64022
-1.63955
-1.63907
-1.6389
-1.63835
-1.63864
-1.64006
-1.64012
-1.64043
-1.63953
-1.63883
-1.63731
-1.63767
-1.63861
-1.63954
-1.63943
-1.64026
-1.64097
-1.64116
-1.6434
-1.64255
-1.63991
-1.63799
-1.63487
-1.63153
-1.63041
-1.63108
-1.63346
-1.63848
-1.64037
-1.64024
-1.64118
-1.63991
-1.63753
-1.63402
-1.6327
-1.62914
-1.62813
-1.62748
-1.63023
-1.63318
-1.63596
-1.63708
-1.63745
-1.63585
-1.63409
-1.63059
-1.6292
-1.63
-1.63193
-1.63421
-1.63541
-1.63558
-1.63675
-1.63548
-1.633
-1.63305
-1.63634
-1.63981
-1.64157
-1.64522
-1.64572
-1.64422
-1.64117
-1.6404
-1.63847
-1.63912
-1.63935
-1.63862
-1.63856
-1.63793
-1.63647
-1.63517
-1.63442
-1.63269
-1.6323
-1.63386
-1.63589
-1.6378
-1.64145
-1.64176
-1.64071
-1.6395
-1.63816
-1.63685
-1.63649
-1.63557
-1.63558
-1.63597
-1.63695
-1.6394
-1.64154
-1.64216
-1.64306
-1.64313
-1.64301
-1.64232
-1.64063
-1.63878
-1.6362
-1.6359
-1.63548
-1.63616
-1.63771
-1.63911
-1.64074
-1.64117
-1.64074
-1.6396
-1.63735
-1.63594
-1.6343
-1.63435
-1.63454
-1.63549
-1.63692
-1.63767
-1.63859
-1.64019
-1.64018
-1.64044
-1.6395
-1.63777
-1.63753
-1.63643
-1.6352
-1.63368
-1.63374
-1.63392
-1.63496
-1.63655
-1.6386
-1.63955
-1.63944
-1.63979
-1.63949
-1.63893
-1.63824
-1.63794
-1.63808
-1.637
-1.63514
-1.6325
-1.63325
-1.63525
-1.63882
-1.64228
-1.64448
-1.64477
-1.64278
-1.64061
-1.63958
-1.64
-1.63998
-1.64082
-1.64189
-1.64116
-1.64162
-1.64147
-1.64186
-1.64077
-1.63912
-1.63727
-1.63636
-1.63724
-1.63879
-1.6416
-1.6438
-1.64655
-1.64701
-1.64632
-1.64281
-1.64177
-1.63996
-1.64034
-1.63957
-1.6377
-1.6365
-1.63534
-1.63561
-1.63467
-1.6343
-1.63539
-1.63626
-1.63661
-1.63686
-1.63801
-1.63973
-1.64062
-1.64125
-1.64153
-1.64118
-1.63768
-1.63507
-1.6344
-1.63705
-1.63885
-1.6392
-1.63762
-1.63814
-1.63655
-1.63552
-1.63511
-1.63666
-1.63837
-1.63973
-1.64011
-1.64124
-1.64162
-1.64109
-1.64208
-1.64277
-1.64307
-1.64364
-1.6429
-1.64002
-1.63808
-1.63736
-1.63771
-1.63934
-1.63973
-1.64086
-1.64147
-1.64225
-1.6439
-1.64488
-1.64581
-1.64377
-1.64119
-1.63851
-1.63723
-1.63536
-1.63435
-1.63438
-1.63372
-1.63434
-1.63317
-1.6344
-1.63624
-1.63682
-1.63772
-1.63583
-1.63431
-1.63379
-1.63425
-1.6361
-1.63652
-1.63584
-1.63337
-1.63193
-1.62949
-1.62779
-1.63073
-1.63389
-1.63595
-1.63592
-1.63577
-1.6367
-1.63733
-1.6376
-1.6398
-1.64088
-1.64335
-1.64423
-1.6445
-1.64101
-1.63888
-1.63626
-1.63609
-1.6361
-1.63632
-1.63746
-1.63801
-1.63841
-1.63926
-1.63876
-1.63819
-1.63857
-1.63849
-1.63996
-1.64157
-1.64292
-1.64597
-1.64581
-1.6447
-1.64187
-1.64103
-1.64055
-1.63965
-1.63977
-1.63965
-1.63928
-1.63942
-1.63924
-1.63772
-1.63774
-1.6371
-1.63812
-1.63986
-1.64055
-1.6411
-1.6393
-1.63677
-1.63477
-1.63242
-1.63125
-1.63117
-1.63328
-1.63417
-1.63358
-1.63273
-1.63265
-1.634
-1.636
-1.63733
-1.63837
-1.63957
-1.64
-1.6387
-1.63899
-1.63735
-1.6367
-1.6349
-1.63442
-1.63476
-1.63563
-1.63658
-1.63634
-1.63684
-1.63663
-1.63684
-1.63647
-1.63683
-1.63847
-1.63861
-1.63858
-1.63909
-1.63926
-1.63884
-1.63733
-1.63874
-1.64162
-1.64196
-1.64223
-1.6416
-1.63994
-1.63862
-1.63885
-1.63869
-1.64028
-1.6426
-1.64425
-1.64458
-1.64274
-1.64316
-1.64358
-1.64381
-1.64485
-1.64491
-1.64484
-1.64485
-1.64405
-1.6422
-1.64142
-1.63876
-1.63691
-1.63408
-1.63284
-1.6334
-1.63381
-1.63529
-1.63453
-1.63345
-1.63361
-1.6339
-1.63421
-1.63213
-1.63121
-1.63033
-1.62863
-1.62733
-1.62648
-1.62653
-1.62668
-1.62755
-1.63032
-1.63146
-1.63474
-1.63581
-1.63785
-1.63825
-1.63806
-1.63703
-1.63634
-1.63603
-1.63621
-1.63622
-1.63621
-1.6373
-1.63831
-1.6378
-1.63819
-1.6368
-1.63623
-1.63677
-1.63555
-1.63488
-1.63425
-1.63288
-1.63243
-1.63372
-1.63544
-1.63654
-1.63896
-1.64206
-1.64402
-1.64267
-1.64169
-1.64086
-1.63771
-1.63526
-1.63444
-1.63511
-1.63491
-1.63531
-1.63555
-1.63491
-1.63556
-1.63688
-1.63743
-1.63891
-1.6395
-1.63927
-1.63848
-1.63788
-1.63668
-1.63578
-1.63428
-1.63378
-1.63488
-1.63443
-1.63454
-1.63367
-1.63256
-1.63213
-1.63194
-1.63085
-1.63059
-1.63222
-1.63416
-1.63696
-1.6389
-1.64025
-1.64088
-1.64108
-1.63842
-1.63628
-1.63393
-1.63309
-1.63319
-1.63463
-1.63749
-1.63984
-1.63906
-1.63771
-1.6367
-1.63529
-1.63438
-1.63433
-1.63554
-1.63699
-1.63951
-1.63973
-1.64007
-1.63828
-1.63816
-1.63726
-1.63636
-1.63572
-1.63517
-1.6354
-1.63508
-1.63419
-1.63385
-1.63154
-1.63183
-1.63218
-1.63463
-1.63662
-1.63705
-1.63893
-1.63921
-1.63903
-1.63883
-1.63871
-1.63846
-1.63708
-1.63743
-1.63959
-1.64247
-1.64324
-1.64414
-1.64382
-1.64074
-1.63846
-1.63712
-1.63446
-1.63254
-1.63166
-1.63223
-1.63179
-1.6336
-1.63583
-1.63808
-1.64074
-1.63902
-1.63707
-1.63353
-1.63185
-1.6328
-1.63643
-1.63934
-1.63997
-1.6402
-1.64094
-1.64134
-1.64056
-1.6396
-1.63988
-1.63948
-1.63904
-1.63991
-1.63937
-1.63972
-1.64054
-1.64063
-1.64244
-1.64257
-1.64258
-1.64316
-1.64232
-1.64205
-1.64317
-1.64367
-1.64335
-1.64393
-1.64317
-1.6431
-1.64009
-1.638
-1.63533
-1.63405
-1.6346
-1.63561
-1.63782
-1.63927
-1.64007
-1.64008
-1.6381
-1.63757
-1.63494
-1.63283
-1.63229
-1.63369
-1.63531
-1.63699
-1.63755
-1.63882
-1.63912
-1.63982
-1.64008
-1.64079
-1.64048
-1.6387
-1.63789
-1.6364
-1.63593
-1.63677
-1.63564
-1.6355
-1.63593
-1.63629
-1.63664
-1.63635
-1.63591
-1.63452
-1.6345
-1.63445
-1.63494
-1.63522
-1.63487
-1.63358
-1.63279
-1.63288
-1.63529
-1.63946
-1.64334
-1.64647
-1.64762
-1.64784
-1.64818
-1.64713
-1.64447
-1.6432
-1.64105
-1.63984
-1.63787
-1.63637
-1.6368
-1.63724
-1.63915
-1.64128
-1.6419
-1.64291
-1.64075
-1.64018
-1.63857
-1.63818
-1.6406
-1.64288
-1.64467
-1.64563
-1.64704
-1.64627
-1.64402
-1.64297
-1.64211
-1.64096
-1.64048
-1.64054
-1.64134
-1.64153
-1.64159
-1.64096
-1.63913
-1.63809
-1.63869
-1.64096
-1.64182
-1.64409
-1.64259
-1.64063
-1.64175
-1.64056
-1.64103
-1.64142
-1.63935
-1.63828
-1.63682
-1.6357
-1.63785
-1.63997
-1.64215
-1.64265
-1.64056
-1.63837
-1.63661
-1.63662
-1.63598
-1.63709
-1.63771
-1.63645
-1.63713
-1.63786
-1.63759
-1.63798
-1.63763
-1.63574
-1.63532
-1.63431
-1.63525
-1.63712
-1.63891
-1.63894
-1.64022
-1.64138
-1.64222
-1.64068
-1.63982
-1.63958
-1.63883
-1.6363
-1.63551
-1.63495
-1.63509
-1.63543
-1.63609
-1.63631
-1.63589
-1.63477
-1.63411
-1.63453
-1.63443
-1.63672
-1.63739
-1.63851
-1.64011
-1.6406
-1.64122
-1.64059
-1.63857
-1.63666
-1.63738
-1.63727
-1.63808
-1.63791
-1.63783
-1.6372
-1.6352
-1.63317
-1.63039
-1.63073
-1.63109
-1.63175
-1.63084
-1.6295
-1.6276
-1.62766
-1.62675
-1.62868
-1.62952
-1.63191
-1.63454
-1.63714
-1.6388
-1.64003
-1.63991
-1.63818
-1.63799
-1.63991
-1.63982
-1.63977
-1.63999
-1.64028
-1.64019
-1.64016
-1.63935
-1.63773
-1.63559
-1.6343
-1.63326
-1.63205
-1.63228
-1.63304
-1.63535
-1.63733
-1.63923
-1.64131
-1.64195
-1.64133
-1.63968
-1.63809
-1.6379
-1.63766
-1.63896
-1.63922
-1.64167
-1.64267
-1.64264
-1.64115
-1.63993
-1.63887
-1.63967
-1.63989
-1.63975
-1.63952
-1.63916
-1.63695
-1.63551
-1.63334
-1.63336
-1.63294
-1.63375
-1.63636
-1.6368
-1.63848
-1.63969
-1.64072
-1.64231
-1.64278
-1.64127
-1.64081
-1.64075
-1.63999
-1.63965
-1.6393
-1.63895
-1.6383
-1.63581
-1.63506
-1.63543
-1.63786
-1.64168
-1.64473
-1.64666
-1.64781
-1.64749
