1.89852
1.89337
1.88421
1.87038
1.85093
1.82456
1.78963
1.74432
1.68693
1.61631
1.53251
1.43759
1.3362
1.23551
1.1439
1.06889
1.01512
0.983574
0.97207
0.976423
0.991664
1.01289
1.03585
1.05723
1.07486
1.08776
1.09603
1.10065
1.10303
1.10453
1.1059
1.10712
1.10745
1.10563
1.10027
1.09027
1.07535
1.05651
1.03587
1.01607
0.999271
0.986512
0.977769
0.972631
0.970912
0.972788
0.978415
0.98745
0.998875
1.0111
1.02232
1.03091
1.03573
1.03619
1.03239
1.02529
1.01656
1.00823
1.00194
0.998377
0.997395
0.99854
1.00142
1.00572
1.01101
1.01652
1.02122
1.02414
1.02486
1.02382
1.02236
1.02212
1.02433
1.02926
1.03617
1.0437
1.05039
1.05528
1.05826
1.05995
1.06121
1.06239
1.06311
1.06253
1.06029
1.05695
1.05361
1.05128
1.05046
1.05118
1.05325
1.05626
1.0597
1.06288
1.06503
1.0655
1.0638
1.05967
1.05307
1.0441
1.03299
1.02
1.00541
0.989666
0.973678
0.958955
0.94741
0.940813
0.9403
0.946289
0.958368
0.975061
0.993872
1.012
1.02716
1.03793
1.0438
1.04494
1.04216
1.03669
1.03008
1.02379
1.01868
1.01472
1.01128
1.00779
1.00443
1.00221
1.00237
1.00581
1.0127
1.02268
1.03506
1.04901
1.06347
1.07716
1.08874
1.09703
1.10147
1.10245
1.10139
1.10018
1.10021
1.10144
1.10252
1.1018
1.09835
1.09246
1.08578
1.08059
1.07855
1.07974
1.08273
1.08542
1.08597
1.08314
1.07643
1.06599
1.05273
1.03864
1.02706
1.02177
1.0245
1.03302
1.04263
1.04957
1.05298
1.05444
1.05635
1.06029
1.06651
1.07432
1.08273
1.09089
1.09845
1.10571
1.11308
1.12007
1.12489
1.12527
1.11973
1.10845
1.09355
1.07877
1.06828
1.0647
1.06785
1.07523
1.0838
1.09148
1.09744
1.10158
1.10386
1.10383
1.10069
1.09363
1.08239
1.0675
1.0501
1.03148
1.01259
0.994193
0.977443
0.96406
0.955697
0.953079
0.955964
0.963811
0.976294
0.99323
1.01415
1.038
1.06314
1.08758
1.10942
1.12705
1.13945
1.14622
1.14766
1.14451
1.1378
1.12858
1.11771
1.10592
1.09381
1.08204
1.07132
1.06243
1.05611
1.05297
1.05345
1.05775
1.0657
1.07659
1.08925
1.10214
1.11368
1.12248
1.12763
1.12887
1.12646
1.12109
1.11371
1.10557
1.09829
1.09389
1.09401
1.09907
1.10795
1.11883
1.12999
1.14009
1.14786
1.15197
1.15133
1.14559
1.13561
1.12324
1.11041
1.09809
1.08618
1.07423
1.06208
1.05011
1.03896
1.02928
1.02157
1.01618
1.01335
1.01306
1.01484
1.01767
1.02018
1.02089
1.01863
1.01285
1.00386
0.992925
0.982193
0.974432
0.972408
0.978009
0.991463
1.01101
1.0333
1.05431
1.0705
1.0796
1.08087
1.07512
1.0645
1.05218
1.04175
1.03616
1.03671
1.04271
1.05205
1.06236
1.07187
1.07951
1.08458
1.08652
1.08489
1.07968
1.0716
1.06199
1.05218
1.04293
1.0342
1.02595
1.01908
1.01576
1.01847
1.02826
1.04378
1.06168
1.07804
1.08971
1.09485
1.09309
1.08532
1.07361
1.0608
1.05002
1.04376
1.04307
1.04715
1.05384
1.06034
1.06408
1.06316
1.05663
1.04473
1.02894
1.01166
0.995526
0.982789
0.974904
0.972513
0.975598
0.983629
0.995586
1.0099
1.02449
1.03702
1.04538
1.04813
1.04514
1.03783
1.02919
1.0228
1.0213
1.025
1.03184
1.0389
1.0441
1.04699
1.04855
1.05032
1.05354
1.0586
1.065
1.0717
1.07767
1.08226
1.0853
1.08696
1.08749
1.08713
1.08617
1.08506
1.08441
1.08474
1.08625
1.08863
1.09123
1.09331
1.09432
1.09406
1.09266
1.09053
1.08808
1.08566
1.08359
1.08202
1.08088
1.07986
1.07844
1.07612
1.07265
1.06814
1.06317
1.05858
1.05523
1.05359
1.05339
1.05367
1.0533
1.05189
1.0503
1.05018
1.05275
1.05787
1.06433
1.07074
1.07609
1.07988
1.08202
1.08292
1.08337
1.08449
1.08721
1.09199
1.0986
1.10619
1.11365
1.11986
1.12384
1.12483
1.12234
1.1163
1.10709
1.09555
1.08296
1.0708
1.06045
1.05304
1.04916
1.04883
1.05145
1.05593
1.06093
1.06522
1.06797
1.06894
1.06848
1.0674
1.06672
1.06732
1.06952
1.07278
1.07566
1.07608
1.07206
1.06265
1.04871
1.03321
1.02034
1.01378
1.01495
1.02304
1.03618
1.05267
1.07134
1.09135
1.11184
1.13179
1.15004
1.16553
1.17743
1.18522
1.1886
1.18738
1.18138
1.17056
1.15521
1.13604
1.11436
1.09201
1.07118
1.05395
1.04157
1.03404
1.03052
1.03028
1.03332
1.04027
1.05162
1.06683
1.08384
1.09935
1.10984
1.11287
1.10837
1.09935
1.091
1.08805
1.09224
1.10224
1.11496
1.12691
1.13498
1.13724
1.13318
1.12361
1.11026
1.0954
1.08149
1.07075
1.06469
1.06374
1.0671
1.07311
1.07974
1.08517
1.0881
1.08797
1.08457
1.07763
1.06691
1.05274
1.03682
1.02225
1.01272
1.01105
1.01814
1.03294
1.05322
1.07627
1.09936
1.12033
1.13808
1.15258
1.16452
1.17472
1.18351
1.19051
1.19472
1.1949
1.19011
1.17992
1.16467
1.14532
1.12321
1.09979
1.07657
1.05502
1.03658
1.02252
1.01358
1.00963
1.00968
1.01236
1.01645
1.02137
1.02717
1.03437
1.04342
1.05395
1.06453
1.07303
1.07742
1.07646
1.07003
1.0591
1.0455
1.03149
1.01887
1.0083
0.999324
0.99113
0.983398
0.976773
0.97284
0.973657
0.980698
0.993894
1.01155
1.03109
1.05006
1.06646
1.07877
1.08583
1.08709
1.08299
1.07501
1.06538
1.05642
1.04978
1.04591
1.04403
1.04262
1.04017
1.0357
1.02896
1.02016
1.00963
0.997677
0.984804
0.972228
0.962167
0.957396
0.959945
0.969674
0.98407
0.999717
1.014
1.02589
1.0358
1.04481
1.0538
1.06296
1.07177
1.07932
1.0848
1.08785
1.08858
1.08743
1.08499
1.08173
1.07792
1.07348
1.06807
1.06135
1.05338
1.04492
1.03733
1.03231
1.03127
1.03484
1.04248
1.05264
1.06294
1.07077
1.07359
1.06949
1.05763
1.03877
1.01564
0.99234
0.972969
0.959801
0.952784
0.950446
0.951325
0.954727
0.960732
0.969745
0.981993
0.997148
1.01429
1.03214
1.04942
1.06505
1.07803
1.0872
1.09108
1.08837
1.07875
1.06346
1.04542
1.02865
1.01721
1.01385
1.01941
1.03291
1.05215
1.07418
1.0958
1.11397
1.1263
1.13151
1.12963
1.12177
1.10987
1.09637
1.08402
1.07543
1.07227
1.07449
1.08026
1.08686
1.09204
1.09507
1.09677
1.09876
1.10195
1.1056
1.10749
1.10518
1.09717
1.08352
1.06582
1.04688
1.03004
1.01841
1.01402
1.01721
1.02668
1.04006
1.05466
1.06792
1.07774
1.08266
1.08207
1.07639
1.06703
1.05627
1.0468
1.04106
1.04066
1.04603
1.0564
1.07022
1.08556
1.10042
1.11304
1.12194
1.12598
1.1245
1.11741
1.10519
1.0888
1.0694
1.04826
1.02685
1.0069
0.990279
0.978648
0.972737
0.971936
0.974513
0.978411
0.982143
0.98525
0.988287
0.99239
0.99852
1.00652
1.01482
1.02148
1.02582
1.02922
1.03444
1.04379
1.05756
1.07365
1.08868
1.09925
1.1029
1.09843
1.08614
1.06789
1.04711
1.02842
1.01642
1.01412
1.02197
1.03786
1.05832
1.07976
1.09943
1.11572
1.12819
1.13732
1.14401
1.14901
1.15244
1.15375
1.15202
1.14629
1.13578
1.11995
1.09858
1.07206
1.0418
1.01032
0.981005
0.957297
0.941565
0.93418
0.933547
0.937085
0.942436
0.948153
0.953923
0.960323
0.96851
0.979792
0.995154
1.0147
1.03736
1.06111
1.08361
1.10284
1.11742
1.12662
1.13021
1.1283
1.12123
1.10963
1.0946
1.07793
1.06165
1.04734
1.03547
1.02543
1.01622
1.0073
0.999001
0.992398
0.988553
0.987895
0.98998
0.993778
0.998161
1.00213
1.00486
1.00582
1.0052
1.0044
1.00585
1.012
1.02368
1.03926
1.0557
1.07033
1.08193
1.09055
1.0968
1.10128
1.10434
1.10618
1.10703
1.10718
1.10709
1.10732
1.10835
1.11034
1.11296
1.1156
1.11752
1.11817
1.11732
1.11524
1.11268
1.11066
1.10998
1.1109
1.11311
1.11602
1.11893
1.12107
1.12158
1.11961
1.11454
1.1062
1.09515
1.08252
1.06959
1.05718
1.04517
1.03289
1.02033
1.00928
1.00331
1.00552
1.01572
1.03037
1.04545
1.05876
1.06996
1.07931
1.08679
1.09202
1.09455
1.09413
1.09077
1.08447
1.07526
1.06322
1.0488
1.03317
1.0185
1.00765
1.00313
1.00555
1.01303
1.02189
1.02843
1.03014
1.02617
1.01731
1.00561
0.993663
0.983759
0.977189
0.97444
0.975929
0.982527
0.995085
1.01366
1.03704
1.06294
1.08859
1.11134
1.1293
1.14161
1.14836
1.15021
1.14764
1.14069
1.12912
1.11298
1.09312
1.0712
1.04938
1.02963
1.01333
1.00127
0.993966
0.991542
0.993408
0.998341
1.00502
1.01252
1.02043
1.0285
1.0365
1.04423
1.05164
1.05891
1.06626
1.07358
1.08011
1.08448
1.08535
1.0821
1.07567
1.06854
1.0641
1.06498
1.07148
1.08132
1.09091
1.09688
1.09724
1.09184
1.08192
1.0693
1.05559
1.04211
1.03042
1.02281
1.02182
1.029
1.04363
1.06256
1.08152
1.09667
1.10554
1.10725
1.10213
1.09129
1.07603
1.05746
1.03628
1.01315
0.989086
0.965757
0.945215
0.929244
0.918641
0.913092
0.911814
0.914325
0.920535
0.930021
0.94145
0.953085
0.963916
0.974066
0.984158
0.994486
1.00478
1.01467
1.02413
1.03338
1.04243
1.05049
1.05597
1.05705
1.05249
1.04233
1.02829
1.01364
1.0025
0.998277
1.002
1.01184
1.02423
1.03567
1.04419
1.04996
1.05466
1.06002
1.06665
1.07356
1.07889
1.08083
1.89086
1.86361
1.82054
1.76625
1.7078
1.65364
1.61101
1.58326
1.56909
1.56402
1.56261
1.56024
1.55414
1.54392
1.53183
1.52185
1.51771
1.5208
1.52926
1.53891
1.54548
1.54679
1.5438
1.54017
1.54027
1.54668
1.55824
1.57074
1.57961
1.58181
1.57612
1.56303
1.54465
1.52417
1.50481
1.48863
1.47623
1.46736
1.46183
1.46003
1.46283
1.47104
1.48493
1.50381
1.52569
1.54773
1.56713
1.58219
1.59264
1.59928
1.60315
1.60517
1.6063
1.60786
1.61066
1.61364
1.61368
1.60745
1.59363
1.57372
1.55143
1.53119
1.51656
1.50918
1.50864
1.51236
1.51619
1.51573
1.50781
1.49142
1.46797
1.44089
1.41491
1.39534
1.38773
1.3959
1.4187
1.44934
1.47919
1.50201
1.51574
1.52234
1.52605
1.53122
1.5409
1.55658
1.57779
1.60158
1.62292
1.63656
1.63899
1.62924
1.60883
1.58124
1.55151
1.52562
1.50916
1.50569
1.51617
1.53962
1.57384
1.61567
1.66106
1.70543
1.74437
1.77434
1.79322
1.80029
1.79619
1.78278
1.7629
1.73972
1.71581
1.6923
1.66916
1.64652
1.62573
1.60943
1.60022
1.59916
1.60514
1.61507
1.62454
1.62925
1.62623
1.61445
1.59474
1.56947
1.5422
1.51675
1.49592
1.48063
1.47037
1.46441
1.46272
1.46604
1.47536
1.49112
1.51269
1.53822
1.56497
1.59028
1.61269
1.63203
1.64848
1.66148
1.66958
1.67131
1.66647
1.65702
1.64652
1.6384
1.63378
1.63093
1.62632
1.61654
1.60019
1.5788
1.55634
1.53735
1.52509
1.52097
1.52517
1.53669
1.55305
1.5705
1.58513
1.59398
1.59595
1.59191
1.58416
1.57526
1.56663
1.55765
1.54611
1.52932
1.50564
1.47608
1.44534
1.42099
1.41002
1.41518
1.43454
1.46341
1.49603
1.52683
1.55184
1.56892
1.5768
1.57484
1.56382
1.54658
1.52707
1.50779
1.48895
1.47043
1.45406
1.44321
1.44077
1.44786
1.46375
1.4857
1.50915
1.5291
1.54197
1.5465
1.54383
1.5367
1.5285
1.52209
1.51886
1.51829
1.51836
1.51667
1.512
1.50533
1.50004
1.50058
1.51034
1.52948
1.55473
1.58085
1.60265
1.6167
1.62234
1.6218
1.61931
1.61925
1.62413
1.63386
1.64623
1.65818
1.66705
1.67115
1.6698
1.66309
1.65159
1.63621
1.6184
1.60009
1.58285
1.56666
1.54949
1.52893
1.50507
1.48205
1.46707
1.46712
1.48567
1.52096
1.56673
1.61493
1.65849
1.69265
1.7149
1.72432
1.72089
1.70519
1.6786
1.64383
1.60527
1.56835
1.53782
1.51629
1.50373
1.49806
1.49671
1.49875
1.50529
1.51776
1.53555
1.55566
1.57433
1.58921
1.60003
1.60782
1.61366
1.61835
1.62281
1.62797
1.6343
1.64176
1.65003
1.65894
1.6683
1.67764
1.68605
1.6924
1.69571
1.69536
1.69113
1.68287
1.67016
1.65194
1.62659
1.59295
1.55201
1.50779
1.46667
1.43586
1.4216
1.42664
1.44819
1.47841
1.5076
1.52794
1.53595
1.53305
1.52425
1.51481
1.50779
1.50434
1.50454
1.50708
1.50981
1.51116
1.51127
1.51242
1.51833
1.53159
1.55119
1.57284
1.59179
1.60552
1.61426
1.62014
1.62604
1.6343
1.64562
1.65856
1.67031
1.67802
1.67986
1.67511
1.6641
1.64808
1.62923
1.61012
1.5929
1.57839
1.56614
1.5548
1.54325
1.53153
1.52113
1.51416
1.5124
1.51643
1.52485
1.53452
1.54216
1.5461
1.54686
1.54622
1.54562
1.54504
1.54383
1.54288
1.54509
1.55296
1.56595
1.58122
1.59571
1.60675
1.61169
1.60861
1.59781
1.58208
1.56531
1.55031
1.53816
1.5289
1.5224
1.51875
1.51803
1.52011
1.52451
1.53061
1.5377
1.545
1.55166
1.5572
1.56168
1.56551
1.56913
1.57288
1.57725
1.58313
1.59182
1.60347
1.6154
1.62304
1.62296
1.61477
1.60064
1.58352
1.56609
1.55079
1.5399
1.53548
1.53899
1.55015
1.56591
1.58175
1.59442
1.60311
1.60851
1.61173
1.61416
1.6173
1.62227
1.6293
1.63766
1.64609
1.65327
1.65812
1.6598
1.65775
1.65187
1.64282
1.63193
1.62045
1.60891
1.59777
1.58911
1.58612
1.58991
1.59787
1.60658
1.61507
1.62439
1.63478
1.64356
1.64579
1.63725
1.61757
1.59164
1.5679
1.55339
1.54921
1.55109
1.55395
1.55534
1.55539
1.55514
1.55498
1.55411
1.5511
1.54485
1.53566
1.52503
1.5142
1.50287
1.49025
1.47762
1.46868
1.4671
1.47396
1.48771
1.5056
1.52463
1.54185
1.55503
1.56342
1.5676
1.56861
1.56777
1.56695
1.56851
1.57418
1.58417
1.59701
1.61035
1.6217
1.62879
1.63016
1.62563
1.61659
1.60587
1.59684
1.59187
1.59084
1.5907
1.58688
1.57571
1.55612
1.52968
1.49935
1.469
1.44552
1.43907
1.45393
1.47964
1.50013
1.50745
1.50437
1.50104
1.50787
1.52615
1.54693
1.56046
1.56354
1.55908
1.55204
1.54588
1.54164
1.53937
1.54001
1.54628
1.56163
1.58731
1.61949
1.65001
1.67078
1.67684
1.66671
1.64159
1.60501
1.56246
1.52045
1.48525
1.46146
1.451
1.45227
1.46044
1.46944
1.47462
1.47419
1.46942
1.46417
1.46331
1.4696
1.48184
1.49643
1.50984
1.51899
1.52129
1.51668
1.50938
1.50537
1.50721
1.51277
1.5188
1.52345
1.52579
1.52461
1.51816
1.50558
1.48956
1.47774
1.47971
1.49921
1.52962
1.55867
1.57677
1.58108
1.5747
1.56391
1.5555
1.55473
1.56411
1.58274
1.60656
1.62967
1.64658
1.65455
1.65488
1.65179
1.64877
1.64531
1.63707
1.62025
1.59544
1.56735
1.54088
1.51759
1.49635
1.47676
1.4606
1.45003
1.4459
1.44826
1.45781
1.4752
1.49878
1.52413
1.54608
1.56066
1.5659
1.56172
1.54936
1.5307
1.50825
1.48544
1.46651
1.45541
1.45436
1.46331
1.48042
1.50319
1.52902
1.55539
1.57997
1.60119
1.61815
1.63022
1.63689
1.63849
1.63664
1.63322
1.62851
1.62027
1.60518
1.58156
1.55084
1.51685
1.48394
1.45533
1.43277
1.41746
1.41073
1.41335
1.42335
1.43582
1.44602
1.45231
1.45601
1.45929
1.46367
1.47045
1.48152
1.49866
1.52156
1.54641
1.56668
1.57566
1.5693
1.54803
1.5173
1.48656
1.4664
1.46393
1.47967
1.50896
1.54545
1.58295
1.61583
1.63947
1.65108
1.65046
1.6403
1.62575
1.61228
1.603
1.59766
1.59406
1.59036
1.58666
1.58472
1.58677
1.59433
1.6075
1.62468
1.64287
1.65888
1.67066
1.67744
1.67886
1.67515
1.66917
1.66647
1.67043
1.67834
1.68459
1.68546
1.6798
1.6672
1.64699
1.61895
1.58454
1.54702
1.51046
1.47908
1.45714
1.44797
1.45198
1.46593
1.48418
1.50085
1.51162
1.51518
1.51397
1.51376
1.52101
1.53845
1.56272
1.58685
1.60474
1.61365
1.61385
1.60744
1.597
1.58419
1.5688
1.55018
1.5309
1.51708
1.51281
1.51644
1.52286
1.52674
1.52458
1.5158
1.5026
1.48842
1.47618
1.46732
1.46186
1.45912
1.45826
1.4586
1.45992
1.46271
1.46829
1.47815
1.49288
1.51182
1.5334
1.55599
1.57787
1.59707
1.61141
1.619
1.61888
1.61151
1.59894
1.58449
1.57191
1.56432
1.56344
1.56928
1.58033
1.59406
1.60735
1.61712
1.6211
1.6186
1.61077
1.60046
1.59135
1.58652
1.58721
1.59247
1.60017
1.60846
1.61637
1.62324
1.62778
1.6281
1.62246
1.60995
1.59073
1.5663
1.53976
1.51575
1.49909
1.49205
1.49295
1.49798
1.50467
1.51298
1.52391
1.53784
1.5546
1.57449
1.59814
1.62471
1.65074
1.6715
1.68327
1.68448
1.67559
1.65834
1.63504
1.60852
1.58202
1.55878
1.54142
1.53169
1.53062
1.5386
1.55481
1.5767
1.60022
1.62103
1.63574
1.6426
1.64153
1.63359
1.62031
1.60359
1.58604
1.57105
1.5623
1.56227
1.57072
1.58411
1.59664
1.60279
1.59978
1.58816
1.57051
1.54973
1.52834
1.50884
1.4936
1.48366
1.47807
1.47503
1.47301
1.47024
1.46397
1.4517
1.43321
1.41154
1.39303
1.38601
1.3971
1.42727
1.47086
1.51844
1.5615
1.59572
1.62152
1.64179
1.65841
1.66992
1.67283
1.66531
1.64931
1.62959
1.61115
1.59755
1.59058
1.59009
1.59349
1.59593
1.59229
1.58035
1.56332
1.54909
1.54434
1.54882
1.55662
1.56161
1.56084
1.55544
1.55084
1.5544
1.56918
1.59123
1.61451
1.63423
1.64623
1.64742
1.6379
1.62234
1.60882
1.60469
1.6125
1.62888
1.64697
1.65992
1.66353
1.6576
1.64582
1.63382
1.62617
1.62456
1.62774
1.6327
1.63589
1.63401
1.62465
1.60721
1.58421
1.56183
1.54775
1.54615
1.55466
1.56663
1.57547
1.57758
1.57341
1.56717
1.5647
1.57025
1.5847
1.60595
1.63017
1.6528
1.66949
1.67722
1.67532
1.66587
1.65278
1.63967
1.6277
1.61577
1.60438
1.59877
1.6051
1.62287
1.64527
1.66503
1.67692
1.67731
1.66445
1.63967
1.6081
1.57763
1.55583
1.54686
1.55036
1.56312
1.58203
1.60522
1.63057
1.65436
1.67211
1.68089
1.68088
1.67506
1.66666
1.65757
1.64919
1.64321
1.64068
1.64082
1.64126
1.639
1.63118
1.61566
1.59187
1.56154
1.5289
1.49956
1.47817
1.46656
1.46516
1.47575
1.50101
1.54015
1.58663
1.6314
1.66781
1.69347
1.70917
1.71692
1.71837
1.71416
1.70426
1.68902
1.67011
1.65049
1.63306
1.61976
1.61183
1.61018
1.61445
1.62218
1.62937
1.63224
1.62879
1.61983
1.60883
1.60014
1.59639
1.59797
1.60452
1.61578
1.6305
1.64556
1.65655
1.65938
1.65132
1.63178
1.60243
1.56697
1.53039
1.49783
1.47319
1.45802
1.45124
1.45029
1.45319
1.46019
1.47345
1.49489
1.52372
1.93154
1.95566
1.96501
1.95682
1.93216
1.89619
1.85738
1.82535
1.80761
1.80667
1.8196
1.84042
1.86373
1.88689
1.90975
1.93261
1.95417
1.97117
1.97948
1.97602
1.96004
1.93338
1.90005
1.86535
1.83564
1.81784
1.81688
1.83122
1.85315
1.87494
1.89274
1.90574
1.91423
1.91864
1.91903
1.91509
1.9065
1.89353
1.87697
1.85783
1.83809
1.82194
1.81506
1.82078
1.83797
1.86335
1.89418
1.92797
1.96143
1.99086
2.01384
2.02993
2.03916
2.04006
2.02982
2.00616
1.96914
1.92166
1.86942
1.81952
1.77792
1.74808
1.73159
1.7283
1.736
1.75122
1.77074
1.79223
1.81426
1.83607
1.85739
1.87776
1.89612
1.91053
1.91874
1.91943
1.91332
1.90311
1.89233
1.88356
1.87759
1.8739
1.87167
1.86992
1.86734
1.86231
1.85313
1.83857
1.81827
1.79303
1.76465
1.7357
1.70897
1.68768
1.67637
1.6801
1.7012
1.73725
1.78169
1.82547
1.85917
1.87627
1.87571
1.86163
1.84014
1.81584
1.79135
1.76931
1.75314
1.74541
1.74651
1.75516
1.76929
1.7865
1.80426
1.82024
1.83262
1.84057
1.84444
1.84527
1.84429
1.84244
1.84037
1.83845
1.83727
1.83793
1.84168
1.84926
1.85987
1.87112
1.88005
1.88465
1.88427
1.87909
1.86953
1.85584
1.83826
1.81728
1.79432
1.77235
1.75566
1.74859
1.75373
1.77011
1.79264
1.81492
1.83348
1.84874
1.86271
1.87684
1.89237
1.91074
1.93232
1.9547
1.97353
1.9852
1.98819
1.98232
1.96763
1.9442
1.91224
1.87217
1.82533
1.77485
1.72591
1.68446
1.65498
1.63876
1.63348
1.63451
1.63692
1.63701
1.63303
1.62533
1.61602
1.60873
1.60838
1.61917
1.64024
1.66421
1.6818
1.68858
1.68702
1.68248
1.6784
1.677
1.68307
1.70316
1.73871
1.78281
1.826
1.86227
1.88993
1.90993
1.92453
1.93553
1.94244
1.94396
1.94057
1.93465
1.9286
1.92353
1.91904
1.91353
1.90456
1.88935
1.86604
1.83629
1.80786
1.7925
1.79747
1.82006
1.85206
1.88675
1.92053
1.94987
1.96913
1.97212
1.95489
1.91736
1.86353
1.80129
1.7416
1.69594
1.67215
1.6708
1.68478
1.70273
1.71513
1.7196
1.72118
1.7269
1.7398
1.75779
1.77692
1.7947
1.81055
1.82444
1.83652
1.84761
1.85887
1.87031
1.88004
1.88544
1.88521
1.88012
1.87185
1.86159
1.84965
1.83613
1.82193
1.8087
1.79709
1.78543
1.7714
1.75443
1.73555
1.71579
1.69651
1.68049
1.67155
1.67351
1.68932
1.71941
1.76003
1.80433
1.84574
1.88059
1.9083
1.92983
1.94605
1.95673
1.96071
1.95657
1.94336
1.92122
1.89219
1.86083
1.83352
1.81659
1.81437
1.82749
1.85156
1.87899
1.90332
1.92186
1.935
1.94442
1.9517
1.9578
1.9629
1.96626
1.96653
1.96241
1.95326
1.93931
1.92148
1.90123
1.88044
1.86165
1.8481
1.84268
1.84598
1.85477
1.86282
1.86345
1.85206
1.8277
1.79393
1.75871
1.73186
1.7199
1.72199
1.73146
1.74108
1.74715
1.75034
1.75428
1.7628
1.77717
1.79475
1.80997
1.81724
1.81403
1.8025
1.78868
1.77946
1.77891
1.78593
1.795
1.79917
1.7934
1.7763
1.7501
1.71937
1.68901
1.66275
1.6432
1.63271
1.63296
1.64339
1.6612
1.68345
1.70843
1.73455
1.75863
1.77683
1.78742
1.79231
1.79552
1.80023
1.8075
1.81689
1.82745
1.83764
1.84537
1.84899
1.84868
1.84704
1.84753
1.85209
1.86007
1.86915
1.87723
1.88379
1.88947
1.89438
1.89704
1.89513
1.88726
1.87412
1.8583
1.8434
1.83336
1.83181
1.8405
1.85735
1.87708
1.89425
1.90569
1.91066
1.90997
1.90465
1.89541
1.88325
1.8704
1.85954
1.85269
1.85134
1.8572
1.87148
1.89306
1.91752
1.93813
1.94848
1.94506
1.92795
1.90003
1.86512
1.82585
1.78306
1.73835
1.69895
1.67872
1.68556
1.70963
1.73584
1.7587
1.78075
1.80593
1.83619
1.87026
1.90435
1.93428
1.95751
1.97238
1.97651
1.96798
1.94822
1.92298
1.89982
1.88435
1.87789
1.87765
1.87883
1.87712
1.87037
1.85897
1.8447
1.82903
1.81178
1.79154
1.76814
1.74489
1.72815
1.72326
1.73046
1.7443
1.75688
1.76247
1.75992
1.75141
1.73921
1.72487
1.711
1.70184
1.70153
1.71195
1.73167
1.75623
1.78032
1.80076
1.81743
1.83191
1.84651
1.86446
1.88812
1.91587
1.94205
1.961
1.971
1.97471
1.97657
1.97918
1.98169
1.98078
1.97275
1.95531
1.92846
1.89457
1.85785
1.8234
1.79642
1.78128
1.78058
1.79413
1.81855
1.84778
1.87333
1.88517
1.87503
1.84208
1.79776
1.76315
1.75457
1.77058
1.79636
1.81657
1.82269
1.81298
1.79048
1.76141
1.73343
1.71322
1.70433
1.70629
1.71547
1.72742
1.73921
1.75014
1.761
1.77238
1.78364
1.79315
1.8001
1.80549
1.81052
1.81362
1.81013
1.79559
1.7697
1.73786
1.70955
1.69382
1.69423
1.70648
1.72174
1.73293
1.73835
1.74089
1.74563
1.75831
1.78366
1.8223
1.86905
1.9151
1.95196
1.97413
1.97988
1.97058
1.94949
1.92025
1.88578
1.84846
1.81133
1.7796
1.76079
1.76095
1.77958
1.80876
1.83795
1.85897
1.86859
1.86812
1.86138
1.85167
1.83993
1.82587
1.81075
1.79775
1.78913
1.78424
1.78097
1.77774
1.77445
1.77181
1.7696
1.76526
1.7546
1.73484
1.70946
1.68972
1.68475
1.69066
1.69888
1.70827
1.72326
1.74693
1.77813
1.81309
1.84833
1.8822
1.91417
1.94299
1.9659
1.97958
1.98213
1.97376
1.95595
1.93021
1.89877
1.8668
1.84232
1.83226
1.83694
1.84909
1.85815
1.85601
1.83985
1.8122
1.77951
1.75017
1.7318
1.72872
1.74133
1.76668
1.79893
1.83001
1.85163
1.85842
1.85009
1.8308
1.80624
1.78194
1.76367
1.75675
1.76301
1.7792
1.79894
1.81598
1.82641
1.82926
1.826
1.81937
1.81204
1.80552
1.79934
1.79104
1.77733
1.7559
1.72653
1.69147
1.65579
1.6283
1.61972
1.63532
1.66964
1.71239
1.75632
1.79743
1.83237
1.85805
1.87272
1.87693
1.87391
1.86917
1.86779
1.86991
1.86953
1.85941
1.83638
1.80213
1.76113
1.71871
1.68144
1.65843
1.65949
1.6884
1.73827
1.79614
1.85098
1.89617
1.92834
1.94638
1.95094
1.94345
1.92507
1.89706
1.86196
1.82423
1.78882
1.76011
1.74192
1.73646
1.74213
1.75355
1.7647
1.77198
1.7749
1.77433
1.77022
1.76099
1.74507
1.72304
1.69912
1.68145
1.68049
1.70421
1.75186
1.81296
1.87322
1.92181
1.95378
1.96931
1.97172
1.96585
1.95632
1.94631
1.93737
1.93032
1.92591
1.92478
1.92685
1.9314
1.93774
1.94489
1.95068
1.95196
1.94596
1.93119
1.90747
1.87613
1.84062
1.80686
1.78271
1.77518
1.78571
1.80813
1.8327
1.85166
1.86116
1.86069
1.85174
1.83716
1.82094
1.80718
1.79776
1.791
1.78376
1.77401
1.76174
1.74848
1.73721
1.73274
1.74035
1.76217
1.79485
1.83054
1.86062
1.87925
1.8849
1.87951
1.86684
1.85104
1.8358
1.82361
1.81501
1.8087
1.8025
1.79463
1.78503
1.77614
1.77258
1.77916
1.79759
1.82483
1.85473
1.88138
1.90102
1.91123
1.90964
1.89436
1.86663
1.83336
1.80605
1.79455
1.80011
1.81554
1.83178
1.8432
1.84829
1.84795
1.84313
1.83398
1.8217
1.81045
1.80453
1.80386
1.80483
1.80504
1.80529
1.8075
1.81235
1.81923
1.82729
1.83564
1.8421
1.84335
1.83715
1.824
1.80684
1.78943
1.77497
1.76557
1.76224
1.76522
1.77427
1.78852
1.80609
1.82395
1.83829
1.84552
1.8437
1.83388
1.82054
1.81012
1.80792
1.81561
1.83135
1.85113
1.8705
1.88683
1.90024
1.91177
1.92138
1.92854
1.93325
1.93564
1.93507
1.92926
1.91539
1.89321
1.86791
1.84887
1.84241
1.84492
1.84719
1.84364
1.83479
1.82367
1.81192
1.79866
1.78215
1.76357
1.74983
1.74937
1.76146
1.77397
1.77278
1.75011
1.70839
1.66193
1.63093
1.6268
1.64476
1.67279
1.7026
1.73221
1.76263
1.79413
1.82509
1.85312
1.87689
1.89628
1.91097
1.91916
1.91828
1.90742
1.88954
1.8714
1.85969
1.8559
1.85545
1.85212
1.84254
1.82728
1.80943
1.79254
1.77909
1.77005
1.76568
1.7661
1.77114
1.7796
1.78928
1.79806
1.80505
1.8107
1.81578
1.82026
1.82335
1.82424
1.82287
1.81987
1.81622
1.81274
1.81003
1.80837
1.80758
1.8074
1.80822
1.81139
1.81806
1.82733
1.83609
1.8407
1.83884
1.82943
1.81245
1.78976
1.76665
1.75099
1.74939
1.76293
1.78708
1.81589
1.84555
1.87405
1.89842
1.91339
1.91346
1.89626
1.86418
1.82333
1.78015
1.73805
1.69789
1.66142
1.63374
1.62271
1.63534
1.67191
1.72254
1.77221
1.80964
1.83101
1.83796
1.83463
1.82592
1.81661
1.81042
1.80929
1.8134
1.82146
1.83111
1.83981
1.8462
1.85055
1.8542
1.85809
1.86155
1.86266
1.86003
1.85408
1.84644
1.839
1.83405
1.83451
1.84218
1.85587
1.87168
1.8856
1.89552
1.90112
1.90269
1.90015
1.8933
1.88235
1.86807
1.85183
1.83613
1.82548
1.82573
1.84086
1.86931
1.90422
1.93734
1.96266
1.97742
1.98102
1.97389
1.95701
1.93242
1.90426
1.87858
1.86046
1.85081
1.84651
1.84352
1.83853
1.82865
1.81193
1.78911
1.76532
1.74987
1.75297
1.77991
1.82718
1.88432
1.93907
1.98183
2.00724
2.01405
2.00489
1.98539
1.96168
1.93793
1.91733
1.90258
1.89378
1.88843
1.88391
1.87868
1.87182
1.86216
1.84824
1.82974
1.80986
1.79557
1.79342
1.91116
1.92812
1.94235
1.948
1.94525
1.93976
1.93752
1.93869
1.93639
1.92156
1.88836
1.83667
1.77323
1.71199
1.66905
1.65155
1.65385
1.66631
1.68353
1.70511
1.73236
1.76569
1.80407
1.84539
1.88657
1.92413
1.95572
1.98097
2.00093
2.01627
2.02589
2.02736
2.01934
2.00334
1.98291
1.96166
1.94309
1.93187
1.93324
1.94915
1.97459
1.99855
2.00902
1.99734
1.95978
1.89799
1.82119
1.75092
1.71708
1.73134
1.77192
1.8103
1.83381
1.84251
1.84083
1.83353
1.82479
1.8176
1.81277
1.80915
1.80497
1.7997
1.7948
1.79297
1.79566
1.80217
1.81061
1.81896
1.82588
1.82901
1.82275
1.80252
1.77713
1.7706
1.79318
1.82757
1.85724
1.88035
1.90031
1.91743
1.92845
1.92976
1.92037
1.90356
1.88622
1.87569
1.87588
1.88529
1.89801
1.90727
1.90947
1.90577
1.89971
1.89366
1.8875
1.87967
1.8686
1.85365
1.83604
1.8195
1.80964
1.81122
1.82389
1.84123
1.85556
1.86321
1.86543
1.86572
1.86687
1.86972
1.87348
1.87663
1.87738
1.87379
1.86409
1.84761
1.82611
1.80521
1.79544
1.80789
1.844
1.89268
1.93993
1.97663
1.99919
2.00797
2.00601
1.99782
1.98826
1.98109
1.97722
1.97411
1.96768
1.95599
1.94111
1.92723
1.91706
1.91011
1.90428
1.89798
1.89095
1.88381
1.87712
1.87031
1.86232
1.85298
1.84411
1.8388
1.8392
1.84449
1.85129
1.85626
1.85785
1.85617
1.85253
1.85023
1.85526
1.87244
1.89867
1.92378
1.93916
1.94274
1.93719
1.92674
1.91582
1.90888
1.90982
1.92118
1.94362
1.97541
2.01151
2.04396
2.06521
2.07191
2.06504
2.0473
2.02167
1.99173
1.96202
1.93627
1.91557
1.89806
1.88138
1.86597
1.85632
1.85834
1.87449
1.9012
1.93046
1.95402
1.96655
1.96648
1.95538
1.93678
1.91533
1.8967
1.8877
1.8945
1.91763
1.94897
1.97619
1.98974
1.98599
1.96658
1.93626
1.90088
1.86613
1.83727
1.81884
1.81338
1.81968
1.83323
1.84837
1.85979
1.86307
1.85586
1.83923
1.81875
1.80378
1.80284
1.81738
1.84252
1.87368
1.9077
1.93931
1.96076
1.96541
1.95128
1.92266
1.88819
1.85559
1.82768
1.80328
1.78121
1.76296
1.75304
1.75653
1.77282
1.79306
1.80713
1.81046
1.80415
1.7928
1.78262
1.77941
1.78715
1.80697
1.83523
1.86349
1.88295
1.8895
1.88439
1.87139
1.85442
1.83764
1.82674
1.82867
1.8492
1.88847
1.9385
1.98665
2.02263
2.04235
2.04555
2.03111
1.99629
1.93988
1.86577
1.78555
1.7178
1.68001
1.67972
1.7149
1.77664
1.85112
1.92509
1.99015
2.04223
2.0798
2.10294
2.11293
2.11253
2.10709
2.10321
2.10394
2.10635
2.10581
2.1014
2.09568
2.09046
2.08472
2.07673
2.06683
2.05806
2.05411
2.05507
2.05559
2.0489
2.03229
2.00893
1.98557
1.96819
1.95887
1.95616
1.95757
1.96148
1.96672
1.97142
1.97329
1.97138
1.96744
1.96583
1.97141
1.98656
2.00973
2.03614
2.06003
2.07654
2.08246
2.07655
2.05951
2.03374
2.00218
1.96658
1.9268
1.88208
1.83369
1.78707
1.75112
1.7336
1.73613
1.75384
1.7788
1.80309
1.8201
1.82567
1.81969
1.80682
1.79438
1.78809
1.78956
1.79726
1.80899
1.82304
1.8378
1.85092
1.86034
1.86631
1.87147
1.87844
1.88782
1.89873
1.9101
1.92122
1.93209
1.94347
1.95656
1.972
1.98878
2.00398
2.01449
2.01956
2.02151
2.02356
2.02654
2.0283
2.026
2.01817
2.00497
1.98741
1.96687
1.94526
1.92591
1.91351
1.91117
1.91742
1.92767
1.93779
1.94537
1.94869
1.94544
1.9331
1.91012
1.87808
1.84401
1.81764
1.8035
1.80031
1.80711
1.82326
1.8448
1.86512
1.87857
1.883
1.88003
1.87382
1.86938
1.87067
1.87957
1.89615
1.91955
1.94787
1.97744
2.00327
2.0209
2.02759
2.02179
2.00253
1.97127
1.93483
1.90342
1.88296
1.87093
1.86052
1.84514
1.821
1.79102
1.76801
1.76802
1.79456
1.83449
1.87051
1.8911
1.89236
1.87747
1.85485
1.83494
1.82605
1.83115
1.84725
1.86912
1.89436
1.9244
1.96017
1.99862
2.03387
2.06023
2.07412
2.07491
2.06494
2.04815
2.02779
2.00474
1.97809
1.94791
1.91767
1.89383
1.88189
1.88132
1.88487
1.88361
1.87233
1.85125
1.82655
1.81167
1.82214
1.85984
1.90985
1.95659
1.99303
2.01784
2.0314
2.03486
2.03069
2.02278
2.01531
2.01078
2.00849
2.00501
1.99713
1.98549
1.97477
1.96866
1.96553
1.96107
1.95301
1.94245
1.93312
1.92977
1.93541
1.94949
1.96936
1.99126
2.01048
2.02238
2.02403
2.01498
1.99675
1.9717
1.94238
1.91147
1.88197
1.85718
1.84005
1.83162
1.83003
1.83223
1.83718
1.84688
1.86394
1.88784
1.91337
1.93319
1.94259
1.94222
1.93678
1.93145
1.92988
1.93493
1.94777
1.96483
1.97829
1.98131
1.97222
1.95456
1.9345
1.91698
1.90312
1.89092
1.87757
1.86143
1.84332
1.82654
1.81581
1.81508
1.82558
1.84513
1.86912
1.89317
1.91513
1.93475
1.95195
1.96565
1.97404
1.97515
1.96749
1.95133
1.92954
1.90674
1.88652
1.86933
1.85367
1.83866
1.8248
1.81269
1.80225
1.79371
1.78932
1.79301
1.80822
1.83549
1.87087
1.90553
1.92887
1.93356
1.91813
1.88569
1.84138
1.79108
1.7425
1.70557
1.68744
1.68634
1.69535
1.71194
1.739
1.77796
1.82444
1.86963
1.90417
1.9213
1.91891
1.9018
1.88173
1.87147
1.8747
1.88381
1.88883
1.88611
1.8803
1.88039
1.89281
1.91723
1.94796
1.97796
2.00208
2.01866
2.02882
2.03477
2.03813
2.03877
2.03489
2.0239
2.00392
1.97472
1.93804
1.8971
1.85585
1.81835
1.78851
1.77003
1.76531
1.7733
1.78883
1.80538
1.8193
1.83172
1.8466
1.86591
1.88617
1.90062
1.90473
1.89971
1.89206
1.89004
1.89909
1.91907
1.94507
1.97002
1.98769
1.99481
1.99221
1.98408
1.97563
1.96993
1.96623
1.9614
1.95286
1.94021
1.92488
1.90888
1.89449
1.88478
1.8833
1.89134
1.90596
1.92224
1.93778
1.9531
1.96747
1.97651
1.97514
1.96108
1.9361
1.90557
1.87736
1.85925
1.85546
1.86561
1.88639
1.91249
1.9368
1.9529
1.95872
1.95751
1.95499
1.95525
1.95861
1.96258
1.96389
1.9599
1.9485
1.92818
1.89875
1.86267
1.82545
1.79458
1.77724
1.77771
1.79567
1.82615
1.86125
1.89329
1.91761
1.93315
1.94134
1.94444
1.94477
1.94413
1.94369
1.94405
1.94642
1.9534
1.96676
1.98355
1.99709
2.00434
2.0111
2.0269
2.05333
2.08198
2.10375
2.11485
2.11622
2.111
2.10302
2.09653
2.09489
2.09807
2.10183
2.10066
2.09154
2.07541
2.05614
2.03772
2.02179
2.00761
1.99467
1.98542
1.98461
1.99495
2.01282
2.02941
2.03634
2.02941
2.00856
1.97639
1.93693
1.89534
1.85837
1.83367
1.82597
1.83324
1.84797
1.86186
1.8695
1.86976
1.86551
1.86156
1.86162
1.86688
1.877
1.89195
1.91113
1.93077
1.94419
1.94557
1.93313
1.90997
1.88337
1.86222
1.85302
1.85694
1.87047
1.88843
1.90657
1.92245
1.93474
1.94237
1.94421
1.94009
1.93225
1.92498
1.92167
1.92234
1.9248
1.92752
1.9305
1.93395
1.93642
1.93467
1.92562
1.90856
1.88525
1.85839
1.83108
1.80816
1.79731
1.80665
1.83907
1.88819
1.94013
1.98031
2.00062
2.00227
1.99257
1.97792
1.96014
1.9395
1.92001
1.90866
1.90867
1.91643
1.92572
1.93248
1.9364
1.93985
1.9435
1.94355
1.93597
1.92179
1.90593
1.89278
1.88473
1.88254
1.88505
1.88933
1.89186
1.89056
1.88587
1.88031
1.87681
1.87714
1.88222
1.89413
1.91607
1.94847
1.98599
2.01994
2.04264
2.04961
2.04014
2.01772
1.98975
1.9638
1.94218
1.92204
1.90118
1.88186
1.86938
1.86768
1.87596
1.88917
1.90164
1.91028
1.91504
1.91752
1.91927
1.92036
1.91926
1.91434
1.90597
1.89685
1.89018
1.8879
1.89063
1.89863
1.91179
1.92849
1.94512
1.95788
1.96503
1.96736
1.96722
1.96719
1.96892
1.97272
1.97749
1.98124
1.98125
1.97417
1.95687
1.92835
1.89282
1.86099
1.84659
1.85799
1.89166
1.93428
1.97087
1.99194
1.99633
1.99024
1.98221
1.97679
1.97265
1.96675
1.95833
1.94849
1.93804
1.92752
1.91827
1.9127
1.9129
1.91907
1.92878
1.93762
1.9415
1.93891
1.93162
1.92293
1.9138
1.9013
1.88161
1.85372
1.81991
1.78406
1.75007
1.72088
1.69816
1.68264
1.67462
1.67431
1.68247
1.70037
1.72895
1.76835
1.81801
1.87546
1.93448
1.98519
2.01726
2.02457
2.00734
1.97102
1.92339
1.87243
1.82569
1.79127
1.77714
1.78652
1.81458
1.85124
1.8865
1.91417
1.93285
1.94441
1.95035
1.94887
1.93717
1.91693
1.89669
1.8889
1.90251
1.93665
1.98199
2.0269
2.06152
2.07897
2.07579
2.05301
2.01748
1.98139
1.95722
1.95043
1.958
1.97309
1.98938
2.0022
2.00785
2.00336
1.98689
1.95872
1.92219
1.88381
1.85208
1.83522
1.83829
1.86116
1.89805
1.93945
1.97615
2.00275
2.0179
2.0226
2.01883
2.0089
1.99452
1.97555
1.95009
1.91716
1.88046
1.84851
1.82976
1.82615
1.83151
1.83629
1.83358
1.82208
1.80578
1.79099
1.78174
1.77748
1.7737
1.76417
1.74507
1.72058
1.70367
1.70769
1.73656
1.78399
1.83909
1.89083
1.93041
1.9532
1.95941
1.95286
1.93862
1.92187
1.90868
1.90606
1.91842
1.94302
1.9705
1.99089
1.99887
1.99459
1.98226
1.96794
1.95781
1.90071
1.91441
1.94211
1.98119
2.025
2.06564
2.09749
2.11781
2.12549
2.11988
2.10033
2.0661
2.01666
1.95255
1.87616
1.79273
1.7108
1.64106
1.59305
1.57241
1.58092
1.61464
1.66242
1.71178
1.75752
1.80379
1.85609
1.91101
1.95745
1.98589
1.99306
1.98112
1.95605
1.92713
1.90527
1.89709
1.89968
1.90423
1.90432
1.89934
1.89211
1.88531
1.87996
1.87649
1.87598
1.87966
1.88745
1.89756
1.9074
1.91443
1.91704
1.91566
1.91353
1.91603
1.92807
1.95094
1.98082
2.01043
2.03237
2.04125
2.03417
2.01046
1.97202
1.92366
1.87254
1.82595
1.78897
1.76346
1.74784
1.73765
1.7277
1.71494
1.69964
1.68431
1.67245
1.66722
1.66996
1.68027
1.69798
1.72401
1.75808
1.79626
1.83231
1.86124
1.88123
1.89303
1.8981
1.89753
1.89313
1.88971
1.89394
1.90736
1.92309
1.93345
1.93638
1.93332
1.92479
1.90908
1.88408
1.84976
1.80964
1.7708
1.74141
1.72674
1.72704
1.73884
1.75804
1.78218
1.8096
1.8369
1.85914
1.87338
1.88108
1.886
1.89047
1.89435
1.89716
1.89917
1.90066
1.90106
1.89905
1.89343
1.88318
1.86707
1.84383
1.81337
1.77801
1.74299
1.71541
1.70104
1.7008
1.71114
1.72707
1.74277
1.752
1.75123
1.74077
1.72207
1.69713
1.67262
1.66306
1.68405
1.73803
1.81042
1.88146
1.93752
1.97355
1.99113
1.99627
1.99629
1.99581
1.99414
1.9867
1.96897
1.93972
1.90193
1.86189
1.82716
1.80401
1.7951
1.79849
1.80862
1.81904
1.82546
1.82749
1.82731
1.82671
1.82581
1.82457
1.82415
1.82702
1.83642
1.85526
1.8832
1.91519
1.9441
1.96426
1.9729
1.97049
1.96035
1.94676
1.93229
1.91686
1.89913
1.87838
1.85545
1.83256
1.8127
1.79869
1.79239
1.79386
1.80065
1.80846
1.81275
1.81043
1.8009
1.78651
1.7719
1.76193
1.75877
1.76092
1.76488
1.76774
1.76805
1.76521
1.75857
1.74758
1.73333
1.71948
1.71039
1.70801
1.71113
1.71662
1.7203
1.71971
1.7168
1.71668
1.72298
1.73657
1.75753
1.78619
1.82217
1.8627
1.9018
1.93152
1.94496
1.93878
1.91407
1.87631
1.83521
1.8038
1.79344
1.80739
1.84091
1.88529
1.93003
1.96516
1.98438
1.98659
1.97477
1.95354
1.92791
1.90429
1.89048
1.89178
1.90647
1.92574
1.93854
1.93682
1.9185
1.8878
1.85278
1.82131
1.79846
1.78604
1.78182
1.77907
1.76939
1.74843
1.72065
1.69926
1.69796
1.72019
1.75901
1.80487
1.84961
1.88678
1.91244
1.92663
1.93325
1.93732
1.94152
1.94492
1.94417
1.93591
1.91871
1.89386
1.86492
1.83709
1.81689
1.81077
1.82142
1.8452
1.87444
1.90137
1.91984
1.92566
1.91733
1.89652
1.8676
1.836
1.80626
1.78106
1.76211
1.75174
1.75275
1.76533
1.78555
1.8077
1.8272
1.84083
1.84658
1.84436
1.8363
1.82615
1.8182
1.81661
1.82449
1.84234
1.86701
1.89247
1.9123
1.9218
1.91847
1.90212
1.87587
1.84644
1.82175
1.80725
1.80434
1.81126
1.82473
1.84111
1.85696
1.86913
1.87495
1.8726
1.86161
1.84309
1.82009
1.79751
1.78071
1.77324
1.77532
1.78459
1.79832
1.81483
1.83324
1.85244
1.87086
1.88674
1.89797
1.90182
1.89507
1.87524
1.84289
1.80343
1.76737
1.74722
1.75127
1.77747
1.81379
1.84595
1.86526
1.87088
1.86704
1.85975
1.8547
1.85521
1.86151
1.87251
1.88686
1.90103
1.9082
1.9011
1.87665
1.83897
1.7993
1.77205
1.76756
1.78625
1.82005
1.85829
1.89181
1.91466
1.92537
1.92719
1.92531
1.92246
1.91757
1.90842
1.89425
1.87595
1.85535
1.83436
1.81472
1.79801
1.78578
1.77954
1.78054
1.78921
1.80474
1.82505
1.8467
1.8645
1.87164
1.86314
1.84354
1.8291
1.83262
1.84908
1.86454
1.86949
1.86225
1.84688
1.82956
1.81555
1.80756
1.80553
1.80742
1.81076
1.81442
1.81943
1.82792
1.84161
1.86043
1.88119
1.89727
1.9012
1.88939
1.8658
1.84058
1.82332
1.81692
1.81789
1.82176
1.82934
1.84871
1.88704
1.93954
1.99269
2.03488
2.05987
2.06574
2.05496
2.03425
2.01012
1.98402
1.95584
1.92895
1.90906
1.90155
1.90799
1.9222
1.93357
1.93589
1.93167
1.9291
1.93435
1.94586
1.95636
1.95799
1.94498
1.915
1.8717
1.82618
1.79137
1.77141
1.7606
1.75204
1.74281
1.73345
1.72722
1.72942
1.74564
1.77837
1.82328
1.86919
1.90339
1.91789
1.91226
1.89312
1.87029
1.85102
1.83748
1.82912
1.82502
1.82377
1.82283
1.81933
1.81152
1.79987
1.78775
1.78194
1.78983
1.81326
1.84597
1.87816
1.9021
1.9145
1.91658
1.91278
1.90792
1.90472
1.90356
1.90327
1.90194
1.89745
1.88866
1.87776
1.87082
1.87424
1.89042
1.91508
1.93848
1.9513
1.94962
1.93504
1.91239
1.88781
1.86709
1.85281
1.84249
1.83085
1.81513
1.79766
1.78368
1.7775
1.77997
1.78946
1.80436
1.82359
1.84486
1.86384
1.8761
1.87984
1.87714
1.87239
1.8689
1.86663
1.86368
1.85895
1.85304
1.84753
1.84404
1.84316
1.84442
1.84752
1.85261
1.85861
1.86209
1.85904
1.84849
1.83454
1.82395
1.81974
1.81807
1.81218
1.79779
1.77548
1.75015
1.72842
1.7156
1.71366
1.72074
1.73297
1.7475
1.7642
1.78422
1.80837
1.83765
1.8734
1.9142
1.95456
1.98864
2.01376
2.02962
2.03608
2.03251
2.01909
1.9987
1.97678
1.95876
1.94681
1.93981
1.93654
1.93774
1.94386
1.95193
1.95635
1.95177
1.93495
1.90562
1.86689
1.82425
1.78343
1.74837
1.7208
1.70128
1.69062
1.69021
1.70054
1.71954
1.74287
1.76595
1.7855
1.79934
1.80615
1.80668
1.80411
1.80216
1.80242
1.80464
1.80847
1.81398
1.82082
1.82778
1.83322
1.83547
1.83294
1.82444
1.81006
1.79186
1.77368
1.76024
1.75654
1.76713
1.79411
1.83418
1.8788
1.91827
1.9456
1.95747
1.95385
1.93786
1.91548
1.8932
1.87444
1.85851
1.84354
1.83025
1.82196
1.82115
1.82737
1.83808
1.85053
1.86268
1.87281
1.87901
1.87963
1.87458
1.86571
1.85576
1.84659
1.83801
1.82806
1.81411
1.79396
1.76698
1.73486
1.70186
1.67412
1.65779
1.65653
1.67003
1.69392
1.72165
1.74674
1.76414
1.77089
1.76685
1.75528
1.74234
1.73536
1.73997
1.75704
1.78148
1.80463
1.81876
1.8204
1.81124
1.79735
1.78709
1.7875
1.80024
1.82106
1.84336
1.8618
1.8733
1.87673
1.87292
1.86472
1.85605
1.84918
1.84241
1.83125
1.81181
1.7832
1.74796
1.7114
1.68043
1.6613
1.65712
1.66659
1.68516
1.70681
1.72577
1.73799
1.74256
1.74229
1.74276
1.75049
1.77019
1.80256
1.84355
1.88587
1.92157
1.94441
1.95095
1.94082
1.91655
1.88307
1.84674
1.81415
1.79109
1.78161
1.78695
1.8039
1.82339
1.83206
1.8187
1.78347
1.74322
1.72055
1.72318
1.74359
1.77244
1.80355
1.83332
1.86032
1.88367
1.90186
1.91308
1.91633
1.91225
1.90303
1.89153
1.88076
1.87395
1.87368
1.87975
1.88897
1.89797
1.9059
1.91407
1.92412
1.93661
1.95123
1.96773
1.98579
2.00357
2.01608
2.01625
1.99862
1.96389
1.92073
1.88244
1.85946
1.85346
1.85893
1.86835
1.87491
1.87314
1.85959
1.8343
1.80164
1.76906
1.74358
1.72886
1.72484
1.72956
1.74058
1.75591
1.77486
1.79769
1.82323
1.84755
1.86658
1.87923
1.88678
1.89096
1.89352
1.89678
1.90311
1.91333
1.92569
1.93644
1.9413
1.93698
1.92216
1.8986
1.87156
1.84732
1.82755
1.80761
1.78264
1.75486
1.73391
1.72977
1.74508
1.77556
1.81536
1.85987
1.90498
1.94641
1.98009
2.00276
2.012
2.00641
1.986
1.95269
1.91077
1.86717
1.8306
1.80874
1.80388
1.81071
1.81993
1.82431
1.82195
1.81598
1.81243
1.81753
1.83459
1.86189
1.89342
1.92215
1.94276
1.95306
1.95462
1.95141
1.94686
1.9425
1.93855
1.9345
1.92891
1.9199
1.90653
1.88981
1.87325
1.86249
1.86255
1.87286
1.88617
1.89461
1.89656
1.89654
1.89947
1.90583
1.91103
1.9087
1.89577
1.87634
1.86088
1.85958
1.87467
1.89846
1.91952
1.93043
1.93026
1.92241
1.91219
1.90507
1.90405
1.90786
1.91231
1.91455
1.91563
1.91745
1.91834
1.91378
1.90113
1.88223
1.86228
1.84709
1.84072
1.84421
1.85585
1.87263
1.89209
1.91235
1.93129
1.94654
1.95689
1.96273
1.96548
1.96668
1.96793
1.97078
1.97612
1.98312
1.98912
1.991
1.98682
1.97661
1.96218
1.94674
1.93445
1.92918
1.93277
1.94372
1.95762
1.96945
1.97625
1.97826
1.97811
1.97935
1.98501
1.9961
2.01072
2.02475
2.03359
2.03388
2.02486
2.00927
1.99274
1.98048
1.97257
1.96352
1.94704
1.92055
1.88583
1.84754
1.81205
1.78624
1.77495
1.77852
1.79311
1.81301
1.83269
1.8481
1.85822
1.86577
1.87456
1.88566
1.89777
1.91045
1.9244
1.93927
1.95214
1.95852
1.95477
1.93984
1.91538
1.88474
1.85205
1.82234
1.80122
1.79307
1.79879
1.8152
1.83645
1.85592
1.86823
1.87136
1.86762
1.86221
1.86035
1.86494
1.8754
1.88806
1.89842
1.90393
1.90554
1.90732
1.91431
1.92914
1.9498
1.97057
1.98491
1.98804
1.97823
1.95703
1.92881
1.89953
1.87462
1.85686
1.84547
1.83804
1.83392
1.83479
1.84125
1.85039
1.85759
1.85999
1.85789
1.85349
1.84861
1.84275
1.83283
1.81458
1.78507
1.74518
1.7008
1.66178
1.63771
1.63268
1.64336
1.66206
1.68149
