1.76816
1.76816
1.76816
1.76816
1.76816
1.76816
1.76816
1.76816
1.76816
1.76816
1.76816
1.76816
1.76815
1.76814
1.76814
1.76813
1.76811
1.76809
1.76807
1.76805
1.76803
1.768
1.76799
1.76796
1.76793
1.7679
1.76787
1.76784
1.76781
1.7678
1.76777
1.76774
1.76773
1.76771
1.76768
1.76766
1.76765
1.76763
1.76762
1.76761
1.76761
1.7676
1.76759
1.76756
1.76756
1.76755
1.76754
1.76753
1.76752
1.76752
1.76752
1.76751
1.76751
1.7675
1.76748
1.76747
1.76745
1.76745
1.76743
1.76742
1.76741
1.7674
1.76739
1.76739
1.76737
1.76736
1.76735
1.76735
1.76734
1.76734
1.76733
1.76732
1.76732
1.7673
1.76728
1.76727
1.76726
1.76726
1.76725
1.76725
1.76724
1.76723
1.76721
1.7672
1.76719
1.76718
1.76717
1.76715
1.76714
1.76713
1.76711
1.7671
1.76709
1.76708
1.76706
1.76705
1.76704
1.76703
1.76701
1.76701
1.76701
1.76702
1.76703
1.76704
1.76708
1.76713
1.7672
1.7673
1.76742
1.76753
1.76765
1.76775
1.7678
1.76778
1.76768
1.76748
1.76723
1.76697
1.76674
1.76658
1.76652
1.76655
1.76666
1.76682
1.76699
1.76713
1.76718
1.76714
1.76701
1.76681
1.7666
1.76646
1.76641
1.76648
1.76662
1.76682
1.76703
1.76723
1.76741
1.76752
1.76758
1.7676
1.76758
1.76756
1.76752
1.76748
1.76747
1.76747
1.76748
1.7675
1.76753
1.76753
1.76748
1.76737
1.7672
1.76698
1.76677
1.76658
1.76646
1.7664
1.76642
1.76649
1.76662
1.76677
1.76692
1.76709
1.76724
1.76736
1.76744
1.76747
1.76745
1.7674
1.76731
1.7672
1.76709
1.767
1.76693
1.7669
1.7669
1.76693
1.76697
1.76702
1.76707
1.76711
1.76715
1.76717
1.76717
1.76717
1.76718
1.76718
1.76718
1.76719
1.7672
1.76719
1.76719
1.76718
1.76717
1.76716
1.76716
1.76716
1.76717
1.76717
1.76717
1.76717
1.76716
1.76714
1.76711
1.76709
1.76706
1.76703
1.76701
1.76701
1.76701
1.76702
1.76704
1.76707
1.76711
1.76716
1.76722
1.76728
1.76734
1.7674
1.76744
1.76746
1.76746
1.76743
1.7674
1.76736
1.76735
1.76735
1.76738
1.76744
1.76753
1.76761
1.76767
1.76768
1.76762
1.76747
1.76724
1.76697
1.76671
1.7665
1.7664
1.7664
1.76652
1.76672
1.76698
1.76727
1.76759
1.76786
1.76803
1.76803
1.7678
1.76739
1.76691
1.76654
1.76635
1.76637
1.76654
1.7668
1.76713
1.76748
1.76784
1.76818
1.76845
1.76861
1.76861
1.76841
1.768
1.76745
1.76685
1.76636
1.76603
1.7659
1.76594
1.76611
1.76632
1.76656
1.76676
1.76693
1.76705
1.76713
1.76718
1.7672
1.7672
1.76718
1.76717
1.76716
1.76714
1.76713
1.76714
1.76714
1.76714
1.76715
1.76715
1.76715
1.76716
1.76716
1.76718
1.7672
1.76725
1.7673
1.76738
1.76748
1.76761
1.76776
1.76789
1.76799
1.76801
1.76791
1.76769
1.76738
1.7671
1.76687
1.76677
1.76677
1.76685
1.76694
1.76703
1.7671
1.76715
1.76718
1.76718
1.76716
1.76715
1.76713
1.76712
1.76713
1.76715
1.76718
1.76721
1.76723
1.76725
1.76724
1.7672
1.76717
1.76714
1.76712
1.76711
1.76713
1.76716
1.76719
1.76723
1.76725
1.76728
1.76729
1.7673
1.76728
1.76726
1.76723
1.76721
1.76719
1.76718
1.76717
1.76715
1.76715
1.76714
1.76714
1.76714
1.76714
1.76713
1.76713
1.76712
1.76714
1.76717
1.7672
1.76725
1.76732
1.76742
1.76754
1.76768
1.76782
1.76796
1.76808
1.76815
1.76813
1.76798
1.76769
1.7673
1.76687
1.76647
1.76619
1.76605
1.76604
1.76612
1.76627
1.76645
1.76662
1.76681
1.76698
1.76716
1.76733
1.76749
1.76763
1.76775
1.76784
1.76786
1.76781
1.7677
1.76756
1.76743
1.76732
1.76724
1.7672
1.76715
1.76711
1.76705
1.767
1.76696
1.76695
1.76695
1.76696
1.76698
1.767
1.76701
1.76704
1.76704
1.76706
1.76706
1.76707
1.76708
1.76708
1.76709
1.76709
1.76709
1.7671
1.7671
1.7671
1.76712
1.76713
1.76714
1.76715
1.76716
1.76717
1.76716
1.76717
1.76717
1.76718
1.76719
1.7672
1.76722
1.76723
1.76725
1.76726
1.7673
1.76732
1.76734
1.76736
1.76736
1.76737
1.76736
1.76734
1.76731
1.76726
1.76721
1.76717
1.76715
1.76714
1.76715
1.76717
1.76719
1.76722
1.76724
1.76725
1.76724
1.76723
1.7672
1.76716
1.76711
1.76705
1.767
1.76696
1.76693
1.76692
1.76694
1.76696
1.767
1.76705
1.76709
1.76712
1.76714
1.76716
1.76716
1.76718
1.76719
1.7672
1.76723
1.76726
1.76729
1.76733
1.76735
1.76735
1.76733
1.7673
1.76725
1.76719
1.76714
1.7671
1.76708
1.76708
1.51989
1.51989
1.51989
1.51989
1.51986
1.51982
1.51978
1.51974
1.51973
1.51973
1.51974
1.51977
1.5198
1.51984
1.51989
1.51993
1.51998
1.52002
1.52005
1.52008
1.52008
1.52005
1.52002
1.51999
1.51994
1.5199
1.51984
1.51979
1.51972
1.51965
1.5196
1.51956
1.51954
1.51956
1.5196
1.51966
1.51974
1.51982
1.5199
1.51999
1.52009
1.52018
1.52025
1.52031
1.52035
1.52035
1.52034
1.52028
1.5202
1.52013
1.52005
1.51998
1.51991
1.51986
1.51985
1.51986
1.51991
1.51999
1.52009
1.5202
1.52029
1.52035
1.52035
1.52031
1.52022
1.5201
1.51997
1.51986
1.51979
1.51975
1.51977
1.51982
1.51988
1.51995
1.51999
1.52002
1.52001
1.51997
1.51993
1.51988
1.51985
1.51982
1.51981
1.51977
1.51974
1.5197
1.51966
1.51965
1.51966
1.5197
1.51976
1.51983
1.5199
1.51999
1.52005
1.52013
1.52019
1.52026
1.52032
1.52039
1.52044
1.52046
1.52048
1.52045
1.52042
1.52034
1.52023
1.52009
1.51996
1.51983
1.51973
1.51966
1.51964
1.51964
1.51967
1.5197
1.51974
1.51979
1.51983
1.51986
1.5199
1.51993
1.51995
1.51998
1.52
1.52001
1.52003
1.52006
1.52008
1.5201
1.52011
1.5201
1.52007
1.52003
1.51997
1.51989
1.51982
1.51977
1.51973
1.51971
1.51973
1.51978
1.51987
1.51998
1.52013
1.5203
1.52046
1.5206
1.52069
1.52069
1.52063
1.52051
1.52038
1.52027
1.52015
1.51996
1.51969
1.5194
1.51918
1.51912
1.51924
1.5195
1.51986
1.52025
1.52062
1.52088
1.52092
1.52065
1.52012
1.51952
1.51906
1.51886
1.5189
1.51906
1.51927
1.51948
1.51966
1.5198
1.51993
1.52005
1.52014
1.52022
1.52028
1.52032
1.52034
1.52034
1.52032
1.52027
1.52019
1.52009
1.51998
1.51986
1.51976
1.5197
1.51967
1.51967
1.5197
1.51975
1.51982
1.51989
1.51997
1.52005
1.52014
1.52022
1.52031
1.5204
1.52046
1.5205
1.5205
1.52047
1.52042
1.52033
1.52023
1.52011
1.51997
1.51982
1.51968
1.51954
1.51947
1.51944
1.51946
1.51952
1.51958
1.51965
1.51972
1.5198
1.51988
1.51996
1.52005
1.52011
1.52017
1.5202
1.5202
1.52017
1.52011
1.52004
1.51997
1.51993
1.51991
1.5199
1.5199
1.5199
1.51988
1.51986
1.51984
1.51983
1.51984
1.51986
1.51992
1.51999
1.52008
1.52017
1.52024
1.52028
1.52029
1.52026
1.52021
1.52015
1.5201
1.52006
1.52005
1.52006
1.52009
1.52012
1.52015
1.52016
1.52015
1.52014
1.5201
1.52005
1.51998
1.51992
1.51984
1.51977
1.5197
1.51964
1.51962
1.51963
1.51966
1.5197
1.51976
1.51983
1.51991
1.51999
1.52005
1.52012
1.52018
1.52026
1.52031
1.52037
1.5204
1.52044
1.52047
1.52047
1.52045
1.52041
1.52033
1.52023
1.5201
1.51996
1.51982
1.51971
1.51961
1.51958
1.51958
1.51963
1.51969
1.51977
1.51985
1.51993
1.52001
1.52006
1.5201
1.52015
1.52019
1.52022
1.52025
1.52028
1.5203
1.5203
1.52032
1.52031
1.52029
1.52027
1.52025
1.52022
1.52017
1.52012
1.52007
1.52002
1.51998
1.51996
1.51995
1.51993
1.51993
1.51992
1.51991
1.51991
1.51991
1.51991
1.51992
1.51993
1.51993
1.51994
1.51995
1.51996
1.51997
1.51998
1.51997
1.51997
1.51997
1.51996
1.51993
1.51992
1.51991
1.51989
1.51988
1.51986
1.51984
1.51981
1.51979
1.51979
1.51978
1.51978
1.51978
1.5198
1.51983
1.51987
1.51994
1.52003
1.52015
1.5203
1.52048
1.52067
1.52089
1.52104
1.52106
1.52087
1.52044
1.5199
1.51941
1.51913
1.5191
1.51927
1.51954
1.51984
1.52012
1.52036
1.5205
1.52053
1.52041
1.52015
1.51981
1.51948
1.51925
1.51914
1.51913
1.51918
1.51924
1.51932
1.51939
1.51946
1.51955
1.51965
1.51977
1.5199
1.52003
1.52015
1.52025
1.52031
1.5203
1.52026
1.52017
1.52004
1.51991
1.51978
1.5197
1.51966
1.51966
1.51969
1.51974
1.51978
1.51981
1.51984
1.51986
1.51985
1.51984
1.51984
1.51981
1.51979
1.51978
1.51977
1.51976
1.51977
1.51976
1.51975
1.51974
1.51973
1.51973
1.51974
1.51976
1.51979
1.51983
1.51989
1.51998
1.5201
1.52027
1.5205
1.52077
1.52106
1.5213
1.52138
1.52116
1.52062
1.51987
1.51917
1.51876
1.51865
1.51876
1.51896
1.51917
1.51936
1.51953
1.51966
1.51978
1.51989
1.51997
1.52002
1.52007
1.52007
1.52006
1.52003
1.51998
1.51992
1.51987
1.51983
1.5198
1.51979
1.51978
1.51978
1.51978
1.51978
1.51979
1.51979
1.5198
1.5198
1.5198
1.51981
1.51983
1.51985
1.51986
1.51987
1.51989
1.51992
1.51996
1.51998
1.52001
1.52005
1.52009
1.52014
1.46125
1.46129
1.46134
1.46137
1.46142
1.46146
1.46148
1.46151
1.46151
1.4615
1.46148
1.46143
1.46137
1.4613
1.46121
1.46113
1.46105
1.46099
1.46094
1.46092
1.4609
1.4609
1.46091
1.46091
1.46091
1.4609
1.4609
1.46093
1.46097
1.46102
1.46108
1.46112
1.46116
1.46116
1.46112
1.46105
1.46097
1.46089
1.46082
1.4608
1.4608
1.46083
1.46087
1.46093
1.46099
1.46106
1.46111
1.46114
1.46117
1.4612
1.46122
1.46124
1.46126
1.4613
1.46134
1.46139
1.46144
1.46149
1.46154
1.46154
1.46148
1.46135
1.46112
1.46085
1.46058
1.46036
1.46024
1.46021
1.46024
1.46032
1.46042
1.46053
1.46062
1.4607
1.46077
1.46084
1.46091
1.46099
1.46106
1.46116
1.46128
1.46142
1.46156
1.46172
1.46186
1.46196
1.46198
1.46191
1.46173
1.46148
1.46119
1.46092
1.46068
1.46051
1.46039
1.46032
1.46028
1.46027
1.46028
1.46032
1.46038
1.46047
1.46057
1.46068
1.4608
1.46092
1.46104
1.46112
1.46115
1.46113
1.46106
1.46097
1.46089
1.46085
1.46084
1.46086
1.46088
1.46089
1.46087
1.4608
1.46072
1.46064
1.4606
1.46062
1.46068
1.46079
1.46091
1.46105
1.46116
1.46124
1.46126
1.4612
1.46107
1.4609
1.46072
1.46054
1.46041
1.46034
1.46032
1.46034
1.4604
1.46047
1.46055
1.46064
1.46071
1.46078
1.46085
1.46091
1.46096
1.46101
1.46104
1.46106
1.46108
1.46108
1.46108
1.46108
1.46106
1.46105
1.46105
1.46105
1.46105
1.46104
1.46101
1.46092
1.46078
1.46061
1.46045
1.46035
1.46032
1.46042
1.46063
1.4609
1.46119
1.46142
1.46151
1.46142
1.46118
1.46091
1.4607
1.46064
1.46068
1.46078
1.46088
1.46097
1.46104
1.46109
1.46113
1.46118
1.46121
1.46123
1.4612
1.46112
1.46098
1.46083
1.4607
1.46058
1.46054
1.46052
1.46052
1.46052
1.46052
1.46053
1.46056
1.4606
1.46067
1.46074
1.46081
1.46086
1.46089
1.4609
1.46088
1.46086
1.46085
1.46086
1.46087
1.4609
1.46093
1.46097
1.46101
1.46105
1.46109
1.4611
1.4611
1.46109
1.46106
1.46103
1.46099
1.46095
1.46088
1.46082
1.46077
1.46075
1.46071
1.4607
1.4607
1.46071
1.46072
1.46074
1.46077
1.46081
1.46085
1.46091
1.46098
1.46107
1.46116
1.46126
1.46135
1.46142
1.46146
1.46146
1.46142
1.46132
1.46117
1.46098
1.46075
1.46054
1.46038
1.46028
1.46028
1.46034
1.46045
1.4606
1.46075
1.4609
1.46101
1.46107
1.46108
1.46103
1.46091
1.46079
1.46066
1.46057
1.4605
1.46049
1.46051
1.46056
1.46062
1.46067
1.46071
1.46075
1.46078
1.46081
1.46082
1.46083
1.46085
1.46085
1.46086
1.46085
1.46085
1.46085
1.46086
1.46085
1.46085
1.46086
1.46087
1.46088
1.46091
1.46094
1.46096
1.46098
1.461
1.46102
1.461
1.46097
1.46093
1.46088
1.46083
1.46078
1.46075
1.46075
1.46077
1.46079
1.46082
1.46084
1.46083
1.46078
1.46071
1.46064
1.46059
1.46055
1.46056
1.46059
1.46067
1.46079
1.46092
1.46107
1.46121
1.46134
1.46147
1.46158
1.46167
1.46173
1.46177
1.46175
1.46168
1.46152
1.46129
1.46103
1.46082
1.46069
1.46064
1.46061
1.46058
1.46051
1.46041
1.46031
1.46025
1.46024
1.46028
1.46035
1.46045
1.46054
1.46064
1.46073
1.46081
1.46088
1.46093
1.46097
1.46101
1.46105
1.46108
1.46112
1.46117
1.46122
1.46128
1.46134
1.46142
1.4615
1.46157
1.46163
1.46166
1.46166
1.46159
1.46145
1.46127
1.46106
1.46085
1.46069
1.46059
1.46053
1.46052
1.46053
1.46056
1.4606
1.46067
1.46072
1.46075
1.46079
1.4608
1.46081
1.4608
1.46079
1.46079
1.46079
1.4608
1.46081
1.46083
1.46085
1.46086
1.46088
1.46088
1.46089
1.46089
1.46088
1.46086
1.46084
1.46083
1.46081
1.4608
1.46078
1.46079
1.4608
1.46082
1.46086
1.4609
1.46097
1.46105
1.46113
1.46124
1.46134
1.46144
1.46151
1.46158
1.4616
1.46158
1.4615
1.46133
1.46107
1.46075
1.46038
1.46006
1.45981
1.45969
1.45968
1.45976
1.45991
1.46009
1.46027
1.46046
1.46065
1.46082
1.46098
1.46113
1.46127
1.46139
1.4615
1.46158
1.46164
1.46165
1.46163
1.46151
1.46132
1.46103
1.4607
1.46038
1.46013
1.45999
1.45998
1.46008
1.46024
1.46044
1.46062
1.46076
1.46086
1.46092
1.46093
1.46092
1.46089
1.46086
1.46084
1.46082
1.46082
1.46084
1.46087
1.4609
1.46094
1.46098
1.46102
1.46109
1.46117
1.46127
1.46138
1.46148
1.46157
1.4616
1.46156
1.4614
1.46114
1.46083
1.46054
1.46031
1.46019
1.46017
1.46023
1.46034
1.46049
1.46062
1.46075
1.46085
1.46093
1.35731
1.35735
1.35737
1.35737
1.35737
1.35736
1.35734
1.35732
1.3573
1.35729
1.35729
1.3573
1.35732
1.35736
1.35741
1.35747
1.35753
1.3576
1.35766
1.35768
1.35766
1.35761
1.3575
1.35734
1.35719
1.35706
1.35696
1.35693
1.35694
1.35699
1.35706
1.35714
1.35721
1.35729
1.35735
1.35739
1.35743
1.35746
1.35748
1.35751
1.35754
1.35759
1.35765
1.35768
1.35766
1.3576
1.35746
1.35729
1.35711
1.35698
1.35692
1.35692
1.35696
1.35703
1.35711
1.35719
1.35727
1.35735
1.35741
1.35747
1.35752
1.35757
1.35762
1.35765
1.35767
1.35768
1.35764
1.35759
1.35751
1.35742
1.35732
1.35724
1.35717
1.35713
1.35712
1.35714
1.35717
1.35723
1.35728
1.35733
1.35738
1.35743
1.35746
1.3575
1.35753
1.35754
1.35755
1.35754
1.35754
1.35752
1.3575
1.35748
1.35747
1.35746
1.35746
1.35746
1.35746
1.35747
1.35747
1.35748
1.35748
1.35748
1.35749
1.35748
1.35746
1.35745
1.35744
1.35743
1.3574
1.35738
1.35736
1.35734
1.35734
1.35733
1.35732
1.35732
1.35732
1.35732
1.35733
1.35734
1.35736
1.35737
1.35738
1.35738
1.35739
1.3574
1.35743
1.35746
1.35748
1.3575
1.35753
1.35759
1.35763
1.35767
1.35772
1.35776
1.35778
1.35778
1.35777
1.35775
1.35771
1.35766
1.35761
1.35755
1.35748
1.3574
1.35728
1.35714
1.35699
1.35686
1.35676
1.3567
1.35669
1.35673
1.35678
1.35685
1.35692
1.357
1.35707
1.35714
1.35719
1.35724
1.35729
1.35733
1.35738
1.35742
1.35749
1.35756
1.35765
1.35777
1.35792
1.35808
1.35826
1.35842
1.3585
1.35843
1.35818
1.35778
1.35734
1.357
1.35679
1.35673
1.35677
1.35685
1.35692
1.35699
1.35705
1.35709
1.35713
1.35717
1.35721
1.35724
1.35729
1.35733
1.35738
1.35742
1.35747
1.35752
1.35756
1.3576
1.35765
1.35771
1.35776
1.35779
1.35782
1.35784
1.35783
1.3578
1.35774
1.35765
1.35755
1.35746
1.35738
1.35733
1.35733
1.35735
1.35738
1.35741
1.35741
1.35735
1.35725
1.35711
1.35698
1.35689
1.35685
1.35685
1.35689
1.35697
1.35705
1.35713
1.35719
1.35725
1.3573
1.35732
1.35734
1.35735
1.35736
1.35738
1.3574
1.35742
1.35746
1.3575
1.35753
1.35758
1.35763
1.35768
1.35773
1.35777
1.35782
1.35785
1.35788
1.35787
1.35782
1.35773
1.35759
1.35743
1.35728
1.35714
1.35703
1.35695
1.35689
1.35684
1.35681
1.3568
1.3568
1.35683
1.35688
1.35695
1.35702
1.35708
1.35713
1.35719
1.35723
1.35726
1.35728
1.3573
1.35731
1.35732
1.35733
1.35734
1.35734
1.35735
1.35736
1.35738
1.3574
1.35741
1.35743
1.35746
1.35749
1.35752
1.35754
1.35755
1.35756
1.35756
1.35755
1.35755
1.35754
1.35752
1.35751
1.35749
1.3575
1.35752
1.35755
1.35758
1.3576
1.35758
1.35754
1.35744
1.3573
1.35715
1.35701
1.35692
1.35687
1.35688
1.35691
1.35695
1.357
1.35706
1.35712
1.35717
1.35723
1.35729
1.35735
1.35742
1.35746
1.3575
1.35751
1.35749
1.35744
1.35737
1.35731
1.35728
1.35731
1.35736
1.35745
1.35755
1.35764
1.35771
1.35773
1.35769
1.35762
1.35752
1.35743
1.35736
1.35731
1.35729
1.35726
1.35725
1.35722
1.35718
1.35714
1.35709
1.35706
1.35705
1.35706
1.35709
1.35712
1.35715
1.35719
1.35724
1.35728
1.35731
1.35734
1.35734
1.35736
1.35736
1.35737
1.35737
1.35738
1.3574
1.35742
1.35746
1.35749
1.35754
1.35758
1.35762
1.35763
1.35762
1.35756
1.35745
1.35733
1.3572
1.35709
1.35702
1.35697
1.35697
1.35699
1.35703
1.35709
1.35714
1.3572
1.35724
1.35728
1.35729
1.35731
1.3573
1.35732
1.35732
1.35733
1.35735
1.35736
1.35737
1.35738
1.3574
1.35741
1.3574
1.3574
1.35739
1.35737
1.35735
1.35734
1.35732
1.35731
1.35731
1.35733
1.35735
1.35737
1.3574
1.35744
1.35746
1.35749
1.35752
1.35753
1.35752
1.3575
1.35745
1.35738
1.3573
1.3572
1.35709
1.357
1.35692
1.35685
1.35681
1.35679
1.35678
1.35682
1.35686
1.35694
1.35704
1.35716
1.35728
1.35741
1.35753
1.3576
1.35759
1.35748
1.35731
1.35709
1.35692
1.35681
1.35681
1.35691
1.35708
1.35731
1.35753
1.35775
1.35792
1.35797
1.3579
1.35767
1.35734
1.35698
1.3567
1.35654
1.35648
1.35652
1.35661
1.35671
1.35682
1.35692
1.35701
1.35708
1.35713
1.35715
1.35717
1.35716
1.35716
1.35716
1.35714
1.35713
1.35712
1.35712
1.35712
1.35712
1.35713
1.35715
1.35716
1.35719
1.35721
1.35724
1.35726
1.35731
1.35734
1.35735
1.35734
1.3573
1.35723
1.35715
1.35707
1.43625
1.43625
1.43629
1.43637
1.43644
1.43652
1.43656
1.43661
1.43664
1.43667
1.43669
1.43668
1.43661
1.43647
1.43628
1.43609
1.43593
1.43584
1.43582
1.43584
1.43591
1.436
1.43611
1.43622
1.43631
1.43638
1.43643
1.43646
1.43645
1.43642
1.43638
1.43634
1.43631
1.43629
1.4363
1.43631
1.43636
1.43643
1.4365
1.43658
1.43666
1.43671
1.43674
1.43674
1.43667
1.43657
1.43644
1.43632
1.43623
1.43618
1.43618
1.43621
1.43629
1.43637
1.43644
1.43651
1.43656
1.43659
1.43658
1.43655
1.4365
1.43644
1.43641
1.43637
1.43636
1.43637
1.43639
1.43643
1.43648
1.43657
1.43666
1.43677
1.43689
1.43702
1.43711
1.43714
1.43707
1.43689
1.43659
1.43625
1.43594
1.4357
1.43557
1.43556
1.43561
1.43571
1.43584
1.43596
1.43609
1.43621
1.43631
1.4364
1.43648
1.43655
1.43661
1.43666
1.43674
1.43681
1.43692
1.43703
1.43714
1.4372
1.43715
1.43695
1.43662
1.43626
1.43602
1.43597
1.43611
1.43634
1.43654
1.43664
1.4366
1.43644
1.43624
1.43608
1.43598
1.43597
1.43601
1.43606
1.43616
1.43627
1.43638
1.43651
1.43661
1.43667
1.43668
1.43665
1.43657
1.43646
1.43634
1.43621
1.4361
1.43605
1.43606
1.43613
1.43626
1.43644
1.43666
1.43688
1.43709
1.43721
1.43723
1.43707
1.43673
1.43627
1.4358
1.43545
1.43527
1.43527
1.43541
1.43566
1.43593
1.43625
1.43656
1.43684
1.43705
1.43716
1.43711
1.43692
1.43663
1.43633
1.43615
1.43613
1.43623
1.43641
1.43658
1.43667
1.43667
1.43655
1.43637
1.43619
1.43608
1.43603
1.43606
1.43614
1.43622
1.43629
1.43633
1.43636
1.43638
1.43639
1.43638
1.43636
1.43633
1.4363
1.43627
1.43624
1.43621
1.4362
1.43618
1.43618
1.43618
1.43621
1.43623
1.43626
1.43629
1.43633
1.43636
1.4364
1.43644
1.43647
1.43649
1.43652
1.43654
1.43655
1.43656
1.43657
1.43659
1.43662
1.43666
1.43669
1.43672
1.43674
1.43676
1.43675
1.43675
1.43675
1.43676
1.43675
1.43674
1.43668
1.43658
1.43644
1.43626
1.43608
1.43592
1.4358
1.43574
1.43574
1.43579
1.43585
1.43595
1.43605
1.43614
1.43622
1.43629
1.43636
1.43643
1.43651
1.43659
1.4367
1.4368
1.4369
1.437
1.43706
1.43705
1.43699
1.43686
1.43669
1.43651
1.43637
1.43629
1.43627
1.43629
1.43631
1.43632
1.43632
1.43629
1.4362
1.43611
1.43603
1.43597
1.43595
1.43597
1.43602
1.43608
1.43617
1.43626
1.43635
1.43645
1.43654
1.43662
1.4367
1.43677
1.43684
1.43692
1.43704
1.43721
1.43745
1.43774
1.438
1.43807
1.43777
1.43703
1.43606
1.43521
1.43477
1.43471
1.4349
1.43515
1.43541
1.43562
1.43581
1.43595
1.43608
1.43618
1.43627
1.43636
1.43646
1.43656
1.43667
1.43674
1.43678
1.43674
1.43664
1.43646
1.43626
1.43607
1.43594
1.43587
1.43587
1.43592
1.436
1.4361
1.4362
1.4363
1.43638
1.43646
1.43653
1.43658
1.43663
1.43666
1.43668
1.4367
1.43669
1.43666
1.43661
1.43655
1.43648
1.43642
1.43636
1.43631
1.43628
1.43625
1.43623
1.43622
1.4362
1.43618
1.43615
1.43612
1.4361
1.43611
1.43614
1.43621
1.43628
1.43637
1.43646
1.43654
1.43661
1.43667
1.43669
1.4367
1.43667
1.43662
1.43657
1.43651
1.43646
1.43643
1.43639
1.43636
1.43634
1.43633
1.43631
1.43627
1.43624
1.43622
1.43621
1.4362
1.43621
1.43623
1.43626
1.43631
1.43637
1.43642
1.43648
1.43652
1.43657
1.43662
1.43664
1.43667
1.43669
1.43673
1.43678
1.43684
1.43692
1.43699
1.43706
1.4371
1.4371
1.43702
1.43689
1.43669
1.43649
1.43629
1.43614
1.43604
1.436
1.43601
1.43606
1.43613
1.43619
1.43626
1.43634
1.43639
1.43644
1.4365
1.43655
1.4366
1.43665
1.43671
1.43675
1.43678
1.43679
1.43677
1.43671
1.43663
1.43655
1.43647
1.4364
1.43634
1.43629
1.43625
1.43623
1.43622
1.43624
1.43626
1.4363
1.43637
1.43645
1.43652
1.4366
1.43668
1.43673
1.43676
1.43677
1.43675
1.43669
1.43661
1.43653
1.43646
1.43641
1.43638
1.43638
1.4364
1.43644
1.4365
1.43658
1.43666
1.43677
1.43687
1.43696
1.43705
1.43709
1.43708
1.43703
1.43691
1.43674
1.43654
1.43632
1.43613
1.436
1.43592
1.4359
1.43593
1.43599
1.43607
1.43616
1.43624
1.43633
1.4364
1.43646
1.43651
1.43654
1.43659
1.43663
1.43667
1.43673
1.43679
1.43688
1.43699
1.43713
1.43725
1.43736
1.43739
1.43727
1.43699
1.43657
1.43612
1.43578
1.43563
1.43565
1.43579
1.43601
1.43626
1.43653
1.43679
1.43701
1.43715
1.43718
1.52518
1.52498
1.52476
1.52459
1.52446
1.52433
1.52419
1.52403
1.52392
1.52388
1.52393
1.52406
1.5242
1.52434
1.52443
1.52449
1.52453
1.52453
1.52454
1.52453
1.52455
1.52456
1.52458
1.52461
1.52465
1.52469
1.52475
1.52481
1.52486
1.52491
1.52496
1.525
1.52503
1.52505
1.52504
1.52499
1.52492
1.52482
1.52469
1.52456
1.52442
1.52431
1.52424
1.5242
1.52419
1.52423
1.52429
1.52437
1.52445
1.52455
1.52463
1.52471
1.52478
1.52484
1.52489
1.52495
1.52504
1.52518
1.52536
1.52559
1.52582
1.52597
1.52586
1.5254
1.52464
1.52384
1.52332
1.52318
1.52335
1.52364
1.52393
1.52416
1.52434
1.52445
1.52453
1.52457
1.5246
1.52462
1.52464
1.52466
1.52466
1.52467
1.52468
1.52469
1.5247
1.52471
1.52473
1.52476
1.52477
1.5248
1.52483
1.52485
1.52487
1.52489
1.52491
1.52492
1.52493
1.52495
1.52495
1.52495
1.52493
1.5249
1.52486
1.52481
1.52476
1.5247
1.52465
1.52457
1.52449
1.52442
1.52435
1.5243
1.52428
1.52428
1.52432
1.52439
1.52449
1.52463
1.5248
1.52502
1.52527
1.52551
1.52566
1.52564
1.52536
1.52487
1.52436
1.52398
1.52386
1.52394
1.52414
1.52436
1.52455
1.52469
1.52478
1.52482
1.52484
1.52483
1.52484
1.52487
1.52492
1.52497
1.52502
1.52502
1.52499
1.52491
1.52478
1.52466
1.52455
1.52446
1.52441
1.5244
1.5244
1.52441
1.52442
1.52442
1.52442
1.52441
1.5244
1.52441
1.52442
1.52446
1.52449
1.52451
1.52455
1.52458
1.52461
1.52464
1.52466
1.52466
1.52467
1.52468
1.52469
1.52471
1.52471
1.52473
1.52475
1.52476
1.52478
1.52481
1.52485
1.52487
1.52491
1.52494
1.52498
1.52505
1.52517
1.52537
1.52567
1.52599
1.52619
1.52597
1.5252
1.5241
1.52323
1.52296
1.52321
1.52369
1.52417
1.52455
1.52483
1.52501
1.52511
1.52513
1.52513
1.52511
1.52511
1.52514
1.52519
1.52525
1.52526
1.52513
1.52482
1.5244
1.52401
1.5238
1.52379
1.52395
1.52421
1.52447
1.52469
1.52482
1.52487
1.52484
1.52478
1.5247
1.52464
1.52461
1.52464
1.5247
1.52478
1.52486
1.52494
1.52501
1.52504
1.52505
1.525
1.52492
1.52479
1.52463
1.52446
1.52432
1.52423
1.52419
1.5242
1.52425
1.52433
1.52442
1.52451
1.52461
1.5247
1.52479
1.52487
1.52496
1.52506
1.52515
1.52525
1.52536
1.52545
1.52553
1.52555
1.52546
1.52526
1.52495
1.5246
1.5243
1.52412
1.52405
1.52409
1.52418
1.52427
1.52435
1.5244
1.52443
1.52446
1.52448
1.5245
1.52453
1.52456
1.5246
1.52463
1.52467
1.52471
1.52475
1.52479
1.52481
1.52483
1.52482
1.52481
1.52478
1.52476
1.52472
1.5247
1.52468
1.52468
1.5247
1.52474
1.5248
1.52487
1.52494
1.52503
1.5251
1.52515
1.52517
1.52515
1.52508
1.52497
1.52483
1.52469
1.52456
1.52446
1.5244
1.5244
1.52443
1.52449
1.52455
1.52463
1.5247
1.52475
1.5248
1.52483
1.52485
1.52485
1.52484
1.52483
1.52482
1.52481
1.5248
1.52481
1.5248
1.5248
1.52481
1.52481
1.52483
1.52484
1.52486
1.52486
1.52483
1.52479
1.52474
1.52468
1.52463
1.52458
1.52453
1.5245
1.52449
1.5245
1.52453
1.52455
1.52459
1.52463
1.52467
1.5247
1.52474
1.52476
1.52479
1.52482
1.52484
1.52485
1.52486
1.52486
1.52485
1.52484
1.52481
1.52479
1.52475
1.52474
1.52472
1.5247
1.5247
1.5247
1.52472
1.52474
1.52475
1.52475
1.52473
1.52471
1.52466
1.52461
1.52455
1.52449
1.52446
1.52444
1.52442
1.52442
1.52444
1.52446
1.52449
1.52452
1.52455
1.5246
1.52462
1.52466
1.52469
1.52471
1.52474
1.52476
1.52479
1.52481
1.52482
1.52483
1.52482
1.52478
1.52471
1.52462
1.52451
1.52441
1.52432
1.52426
1.52424
1.52424
1.52426
1.5243
1.52434
1.52439
1.52444
1.52447
1.52451
1.52454
1.52456
1.52458
1.52459
1.52461
1.52463
1.52465
1.52466
1.52466
1.52466
1.52468
1.52469
1.52469
1.52472
1.52474
1.52477
1.5248
1.52483
1.52487
1.52489
1.52491
1.52491
1.5249
1.52487
1.52481
1.52474
1.52466
1.52457
1.5245
1.52442
1.52435
1.52429
1.52424
1.5242
1.52416
1.52414
1.52413
1.52415
1.5242
1.52426
1.52433
1.52442
1.52451
1.52458
1.52463
1.52467
1.5247
1.5247
1.52469
1.52467
1.52466
1.52465
1.52466
1.52468
1.5247
1.52474
1.52478
1.52481
1.52483
1.52484
1.52482
1.52479
1.52473
1.52465
1.52457
1.52449
1.52443
1.52438
1.52434
1.52432
1.52433
1.52437
1.52441
1.52447
1.52453
1.5246
1.52468
1.52478
1.52488
1.525
1.5251
1.52521
1.47001
1.47005
1.47005
1.47001
1.46992
1.46977
1.46958
1.46935
1.46913
1.46895
1.46881
1.46873
1.46873
1.46875
1.46882
1.46889
1.46896
1.46902
1.46907
1.46912
1.46915
1.46918
1.46922
1.46926
1.46929
1.46932
1.46935
1.46938
1.46941
1.46943
1.46947
1.46949
1.4695
1.46953
1.46956
1.46959
1.46962
1.46966
1.46969
1.46971
1.46973
1.4697
1.46965
1.46954
1.46943
1.46931
1.46918
1.46906
1.46898
1.46893
1.46891
1.46892
1.46895
1.469
1.46907
1.46912
1.46917
1.46922
1.46925
1.46927
1.46929
1.46929
1.46927
1.46923
1.4692
1.46916
1.46912
1.46908
1.46905
1.46902
1.46901
1.46903
1.46907
1.46912
1.46919
1.46928
1.46937
1.46945
1.46951
1.46954
1.46951
1.4694
1.46924
1.46904
1.46885
1.4687
1.46862
1.46861
1.46867
1.46876
1.46889
1.46903
1.46916
1.46929
1.46937
1.46943
1.46943
1.46937
1.46928
1.46918
1.46906
1.46898
1.46894
1.46896
1.46902
1.46911
1.46922
1.46932
1.46938
1.46937
1.4693
1.46918
1.46904
1.46892
1.46885
1.46883
1.46885
1.46892
1.46898
1.46904
1.46913
1.46921
1.4693
1.4694
1.46949
1.46959
1.46965
1.46969
1.46966
1.4696
1.46949
1.46934
1.46916
1.46902
1.46889
1.4688
1.46877
1.46876
1.46879
1.46884
1.4689
1.46899
1.46909
1.46921
1.46931
1.46941
1.46951
1.46959
1.46965
1.46967
1.46964
1.46957
1.46944
1.46929
1.46912
1.46896
1.46881
1.46871
1.46865
1.46865
1.4687
1.46881
1.46896
1.46914
1.46934
1.46955
1.46977
1.46996
1.47008
1.47011
1.46997
1.46969
1.46932
1.46895
1.46867
1.46851
1.46844
1.46844
1.46849
1.46856
1.46865
1.46874
1.46884
1.46895
1.46906
1.46917
1.46928
1.46942
1.46957
1.46973
1.46989
1.47002
1.47007
1.47
1.4698
1.46949
1.46919
1.46895
1.46885
1.46883
1.46888
1.46895
1.469
1.46903
1.46904
1.46903
1.46903
1.46902
1.46902
1.46904
1.46905
1.4691
1.46915
1.46922
1.46928
1.46935
1.46941
1.46945
1.46946
1.46945
1.46943
1.46939
1.46933
1.46928
1.46923
1.4692
1.46919
1.46921
1.46923
1.46927
1.4693
1.46934
1.46937
1.4694
1.46941
1.4694
1.46937
1.46931
1.46923
1.46915
1.46906
1.46899
1.46894
1.46893
1.46893
1.46894
1.46899
1.46905
1.46915
1.46929
1.46945
1.46966
1.46991
1.47015
1.47032
1.47032
1.47005
1.46956
1.46899
1.46856
1.46838
1.46843
1.4686
1.46879
1.46897
1.46908
1.46915
1.46921
1.46925
1.46931
1.46938
1.46948
1.46958
1.46969
1.46975
1.46974
1.46962
1.46942
1.46918
1.46895
1.4688
1.46874
1.46876
1.46885
1.46898
1.46913
1.46929
1.46945
1.46958
1.46968
1.46973
1.4697
1.46961
1.46948
1.46932
1.46918
1.46907
1.46901
1.46901
1.46902
1.46906
1.4691
1.46911
1.46911
1.46908
1.46903
1.46897
1.46891
1.46888
1.46886
1.46887
1.46891
1.46898
1.46906
1.46919
1.46933
1.4695
1.4697
1.46993
1.47019
1.47046
1.4707
1.47086
1.47086
1.47061
1.47012
1.4695
1.46891
1.46849
1.46827
1.46822
1.46824
1.46827
1.46828
1.46826
1.46824
1.46823
1.46826
1.46836
1.46851
1.46869
1.46888
1.46906
1.46922
1.46934
1.46946
1.46954
1.46959
1.46963
1.46965
1.46966
1.46965
1.46963
1.46962
1.4696
1.46956
1.4695
1.46943
1.46931
1.46918
1.46904
1.46893
1.46884
1.4688
1.4688
1.46881
1.46883
1.46886
1.46889
1.46892
1.46895
1.46897
1.469
1.46904
1.46911
1.46919
1.46927
1.46935
1.46942
1.4695
1.46956
1.46958
1.46957
1.46953
1.46948
1.46943
1.4694
1.46939
1.4694
1.46943
1.46946
1.46951
1.46955
1.46957
1.46957
1.46953
1.46945
1.46932
1.46915
1.46897
1.46882
1.4687
1.46866
1.46865
1.4687
1.46878
1.46888
1.469
1.46914
1.46929
1.46947
1.46965
1.46987
1.4701
1.47031
1.47045
1.47044
1.47022
1.46981
1.46931
1.46888
1.4686
1.46851
1.46852
1.46857
1.46862
1.46865
1.46867
1.46871
1.46878
1.46887
1.46898
1.4691
1.4692
1.46928
1.46932
1.46934
1.46933
1.46928
1.46923
1.46917
1.46912
1.46908
1.46903
1.469
1.46899
1.46899
1.46901
1.46903
1.46906
1.4691
1.46915
1.4692
1.46925
1.46932
1.46938
1.46944
1.4695
1.46958
1.46964
1.46969
1.46972
1.46971
1.46968
1.46959
1.46946
1.4693
1.46913
1.46898
1.46886
1.4688
1.46879
1.46883
1.4689
1.46899
1.46911
1.46922
1.46933
1.46939
1.46945
1.46946
1.46944
1.46939
1.46931
1.46921
1.46912
1.46904
1.46897
1.46894
1.46893
1.46894
1.46897
1.46902
1.46908
1.46916
1.46923
1.4693
1.46937
1.46942
1.46944
1.40405
1.40397
1.40387
1.40375
1.40364
1.40354
1.40349
1.40349
1.40352
1.40358
1.40363
1.4037
1.40377
1.40383
1.40388
1.40391
1.40392
1.40392
1.4039
1.40387
1.40384
1.40382
1.40381
1.40382
1.40385
1.40388
1.40393
1.40399
1.40406
1.40414
1.40421
1.40432
1.40443
1.40454
1.40462
1.40465
1.40455
1.40431
1.40393
1.40352
1.40318
1.40299
1.40295
1.40302
1.40316
1.4033
1.40345
1.40356
1.40368
1.40377
1.40385
1.40392
1.40398
1.40403
1.40408
1.40411
1.40414
1.40414
1.40415
1.40413
1.40411
1.40407
1.40404
1.40399
1.40396
1.40393
1.40391
1.4039
1.40389
1.40389
1.40387
1.40385
1.40384
1.40384
1.40383
1.40385
1.40385
1.40386
1.40388
1.4039
1.40392
1.40395
1.40397
1.40397
1.40396
1.40394
1.40391
1.40387
1.40385
1.40382
1.40381
1.4038
1.40379
1.40382
1.40383
1.40385
1.40386
1.40387
1.40385
1.40383
1.4038
1.40378
1.40377
1.40377
1.40378
1.40382
1.40385
1.4039
1.40397
1.40403
1.40408
1.40413
1.40416
1.40416
1.40411
1.40403
1.40391
1.40379
1.40369
1.40361
1.40358
1.4036
1.40365
1.4037
1.40373
1.40373
1.40369
1.40363
1.40356
1.40353
1.40352
1.40354
1.40359
1.40365
1.4037
1.40375
1.4038
1.40384
1.40388
1.40391
1.40394
1.40398
1.40402
1.40408
1.40415
1.40423
1.40431
1.40438
1.40444
1.40449
1.4045
1.40449
1.40443
1.40436
1.40425
1.40413
1.404
1.40389
1.4038
1.40374
1.40371
1.4037
1.40371
1.40371
1.40373
1.40371
1.4037
1.40367
1.40365
1.40366
1.40369
1.40375
1.40382
1.40391
1.404
1.40408
1.40414
1.4042
1.40423
1.40423
1.40421
1.40414
1.40404
1.40393
1.40381
1.40371
1.40363
1.40358
1.40356
1.40357
1.40359
1.40363
1.40367
1.40372
1.40378
1.40385
1.40393
1.40403
1.40414
1.40427
1.4044
1.40452
1.40458
1.40457
1.40445
1.40425
1.404
1.40378
1.40364
1.40359
1.40362
1.40367
1.40373
1.40377
1.40379
1.40379
1.40378
1.40375
1.40372
1.40371
1.40372
1.40374
1.40377
1.40381
1.40385
1.40391
1.40394
1.40398
1.40401
1.40405
1.40409
1.40412
1.40416
1.40418
1.40423
1.40427
1.40432
1.40436
1.4044
1.40443
1.40446
1.40443
1.40438
1.40429
1.40417
1.40402
1.40386
1.4037
1.40356
1.40348
1.40346
1.40346
1.40351
1.4036
1.40371
1.40383
1.40394
1.40405
1.40415
1.40422
1.40424
1.40422
1.40416
1.40407
1.40398
1.40392
1.4039
1.40393
1.40402
1.4041
1.40418
1.40421
1.40419
1.4041
1.40398
1.40387
1.40378
1.40376
1.4038
1.40388
1.40398
1.40408
1.40417
1.40423
1.40429
1.40432
1.40434
1.40437
1.40439
1.40439
1.40439
1.40437
1.40432
1.40424
1.40414
1.40401
1.40388
1.40378
1.4037
1.40366
1.40365
1.4037
1.40376
1.40385
1.40397
1.40409
1.40424
1.40438
1.40452
1.40462
1.40466
1.40461
1.40447
1.40428
1.40407
1.40391
1.4038
1.40372
1.40364
1.40356
1.40345
1.40336
1.40333
1.40334
1.40339
1.40347
1.40356
1.40365
1.40374
1.40381
1.40387
1.40394
1.40399
1.40404
1.40409
1.40413
1.40418
1.40423
1.40426
1.40431
1.40433
1.40433
1.40427
1.40417
1.40402
1.40387
1.40372
1.40365
1.40366
1.40371
1.40383
1.40396
1.40411
1.40422
1.40431
1.40434
1.40434
1.4043
1.40423
1.40416
1.4041
1.40408
1.40407
1.40404
1.40398
1.40384
1.40364
1.40341
1.40321
1.40309
1.4031
1.4032
1.40335
1.40353
1.40373
1.40392
1.40409
1.40422
1.40433
1.40439
1.40442
1.40443
1.4044
1.40434
1.40427
1.40417
1.40407
1.404
1.40396
1.40395
1.40398
1.40402
1.40408
1.40415
1.40421
1.40425
1.40426
1.40426
1.40423
1.40419
1.40414
1.40408
1.40405
1.40404
1.40405
1.40411
1.40418
1.40426
1.40434
1.40441
1.40445
1.40447
1.40446
1.40438
1.40427
1.4041
1.40391
1.40372
1.40357
1.40347
1.40344
1.40347
1.40355
1.40365
1.40375
1.40385
1.40395
1.40404
1.40412
1.40417
1.40421
1.40424
1.40428
1.40432
1.40439
1.40447
1.40455
1.40463
1.40468
1.40465
1.40453
1.40432
1.40409
1.4039
1.40379
1.40379
1.40386
1.40399
1.40414
1.40429
1.40441
1.4045
1.40455
1.40457
1.40454
1.40447
1.40434
1.40419
1.40403
1.40387
1.40373
1.40363
1.40357
1.40356
1.4036
1.40367
1.40377
1.40387
1.40398
1.40408
1.40415
1.40419
1.40422
1.40423
1.40422
1.4042
1.40416
1.40414
1.40411
1.40409
1.40406
1.40403
1.40399
1.40395
1.40391
1.40389
1.40388
1.40389
1.40394
1.40402
1.40411
1.40422
1.40432
1.40441
1.40449
1.40455
1.4046
1.40462
1.40461
1.40456
1.40448
1.40436
1.40423
1.40408
1.40394
1.40381
1.40372
1.40367
1.40366
1.40369
1.40373
1.40379
1.40384
1.40389
1.40393
1.40399
1.40405
1.40413
1.40423
1.40431
1.40439
1.40444
1.40444
1.40437
1.40425
1.40411
1.40398
1.40389
1.40386
1.40389
1.40395
1.40403
1.4041
1.40413
1.40411
1.40407
1.40401
1.40396
1.40393
1.40393
1.40395
1.40398
1.40402
1.40406
1.40407
1.40406
1.40405
1.40403
1.40402
1.40404
1.40406
1.40411
1.40418
1.40426
1.40435
1.40444
1.40449
1.40449
1.40444
1.40433
1.40417
1.40398
1.40381
1.40367
1.40358
1.40356
1.40359
1.40364
1.40373
1.40382
1.40391
1.40399
1.40406
1.40411
1.40416
1.40418
1.40415
1.4041
1.40405
1.40399
1.40393
1.40389
1.40386
1.40385
1.40387
1.4039
1.40395
1.40401
1.40408
1.40414
1.4042
1.40425
1.4043
1.40431
1.40432
1.4043
1.40428
1.40424
1.40421
1.40418
1.40416
1.40414
1.40413
1.40411
1.40408
1.40402
1.40396
1.40388
1.40381
1.40374
1.40369
1.40367
1.40367
1.40369
1.40373
1.40379
1.40385
1.40391
1.40396
1.404
1.40405
1.40408
1.40409
1.40411
1.40411
1.40411
1.4041
1.40409
1.40407
1.40406
1.40403
1.40401
1.404
1.40398
1.40396
1.40394
1.40393
1.40391
1.4039
1.40388
1.40388
1.40386
1.40385
1.40385
1.40386
1.40386
1.40386
1.40389
1.4039
1.40392
1.40394
1.40395
1.40398
1.404
1.40402
1.40404
1.40406
1.40408
1.40409
1.40411
1.40414
1.40416
1.40418
1.40419
1.4042
1.40417
1.40413
1.40406
1.40402
1.40398
1.40394
1.4039
1.40388
1.40385
1.40382
1.4038
1.40379
1.40378
1.40377
1.40374
1.40371
1.40368
1.40364
1.40361
1.40358
1.40356
1.40358
1.40362
1.40368
1.40378
1.40388
1.40399
1.4041
1.40418
1.40423
1.40424
1.40422
1.40419
1.40416
1.40416
1.40417
1.40425
1.40435
1.40447
1.40458
1.40466
1.40467
1.40462
1.40452
1.40437
1.4042
1.40401
1.40385
1.40371
1.40361
1.40355
1.40352
1.40352
1.40354
1.40356
1.4036
1.40362
1.40366
1.40369
1.40373
1.40376
1.40378
1.4038
1.40384
1.40388
1.40391
1.40394
1.40396
1.404
1.40403
1.40407
1.4041
1.40415
1.4042
1.40425
1.40429
1.40433
1.40437
1.4044
1.40441
1.40441
1.40438
1.40434
1.40428
1.40422
1.40414
1.40404
1.40393
1.40381
1.40368
1.40357
1.40349
1.40343
1.40341
1.40342
1.40345
1.40351
1.40356
1.40362
1.40369
1.40375
1.4038
1.40385
1.4039
1.40393
1.40397
1.404
1.40403
1.40405
1.40406
1.40406
1.40404
1.40401
1.40395
1.4039
1.40384
1.40379
1.40376
1.40377
1.40379
1.40382
1.40385
1.40388
1.40391
1.40393
1.40396
1.40398
1.40401
1.40407
1.40415
1.40427
1.40442
1.40455
1.40459
1.40447
1.40417
1.40372
1.40329
1.40303
1.40299
1.4031
1.40329
1.4035
1.40367
1.40378
1.40387
1.4039
1.40392
1.40394
1.40397
1.404
1.40406
1.40412
1.4042
1.40427
1.40434
1.40439
1.40442
1.40441
1.40439
1.40434
1.40428
1.40424
1.40419
1.40415
1.40411
1.40404
1.40399
1.40394
1.40391
1.4039
1.4039
1.40389
1.4039
1.40392
1.40394
1.40395
1.40394
1.40391
1.40383
1.40373
1.4036
1.40348
1.4034
1.40336
1.40337
1.4034
1.40348
1.40356
1.40364
1.40373
1.40381
1.40388
1.40393
1.40399
1.40403
1.40408
1.40412
1.40418
1.40425
1.40434
1.40446
1.40461
1.40478
1.40497
1.40517
1.40536
1.40547
1.40546
1.40529
1.40497
1.40451
1.40399
1.40354
1.40323
1.4031
1.40311
1.40321
1.40335
1.40347
1.40354
1.40356
1.40353
1.40348
1.40343
1.4034
1.4034
1.40345
1.40352
1.40362
1.40373
1.40385
1.40397
1.40408
1.40418
1.40427
1.40434
1.40441
1.40446
1.40449
1.4045
1.4045
1.40448
1.40445
1.40442
1.40436
1.40427
1.40417
1.404
1.40382
1.40363
1.40346
1.40336
1.40332
1.40333
1.40339
1.40347
1.40357
1.40364
1.40371
1.40376
1.40381
1.40384
1.40387
1.40389
1.4039
1.4039
1.40391
1.4039
1.40391
1.40389
1.40389
1.40388
1.40387
1.40387
1.40386
1.40384
1.40383
1.40381
1.40381
1.40381
1.40383
1.40383
1.40385
1.40386
1.4039
1.40393
1.40397
1.40402
1.40407
1.40412
1.40415
1.40418
1.40419
1.40419
1.40416
1.40412
1.40406
1.40399
1.40393
1.40385
1.40375
1.40365
1.40355
1.40347
1.40342
1.40342
1.40346
1.40354
1.40362
1.40371
1.40378
1.40381
1.4038
1.40375
1.40368
1.40359
1.40352
1.40346
1.40345
1.40346
1.40351
1.40357
1.40365
1.40373
1.40382
1.40391
1.40402
1.40412
1.40421
1.40429
1.40434
1.40436
1.40432
1.40422
