1.2
1.20001
1.20002
1.20003
1.20005
1.20007
1.2001
1.20013
1.20017
1.20021
1.20025
1.2003
1.20035
1.20041
1.20047
1.20054
1.20061
1.20068
1.20076
1.20085
1.20094
1.20103
1.20113
1.20123
1.20134
1.20146
1.20158
1.20171
1.20184
1.20198
1.20212
1.20227
1.20243
1.20259
1.20276
1.20293
1.20311
1.2033
1.2035
1.2037
1.20391
1.20413
1.20435
1.20458
1.20483
1.20508
1.20534
1.20561
1.20589
1.20617
1.20647
1.20678
1.20711
1.20744
1.20778
1.20814
1.20851
1.2089
1.2093
1.20971
1.21014
1.21059
1.21105
1.21153
1.21203
1.21255
1.2131
1.21366
1.21424
1.21485
1.21549
1.21615
1.21684
1.21756
1.21832
1.2191
1.21992
1.22078
1.22168
1.22262
1.2236
1.22463
1.22571
1.22684
1.22802
1.22926
1.23057
1.23194
1.23337
1.23487
1.23645
1.2381
1.23982
1.24163
1.24351
1.24546
1.24748
1.24956
1.2517
1.25386
1.25604
1.25819
1.26026
1.26221
1.26395
1.26538
1.2664
1.26687
1.26666
1.26568
1.26387
1.26129
1.25815
1.25485
1.25196
1.25007
1.24968
1.25102
1.25401
1.25828
1.26329
1.26842
1.2731
1.2769
1.2796
1.28125
1.2822
1.28305
1.28449
1.28708
1.29107
1.29624
1.30205
1.30779
1.31284
1.31677
1.31935
1.32058
1.32062
1.31974
1.31825
1.31648
1.31469
1.31304
1.31158
1.31029
1.30909
1.30793
1.30672
1.30541
1.30392
1.30233
1.30084
1.29985
1.2998
1.30108
1.30383
1.30795
1.31312
1.3189
1.32485
1.33052
1.33555
1.33968
1.34274
1.34466
1.34552
1.34546
1.34472
1.34358
1.34235
1.34133
1.34078
1.34088
1.34168
1.34315
1.34515
1.34749
1.34996
1.35236
1.35452
1.35634
1.35778
1.35885
1.35964
1.36022
1.36071
1.36115
1.36158
1.36201
1.36241
1.36278
1.36313
1.36347
1.36385
1.3643
1.36483
1.36543
1.36608
1.36674
1.36738
1.36799
1.36858
1.36918
1.36983
1.37058
1.37146
1.3725
1.37372
1.3751
1.3766
1.37819
1.3798
1.38137
1.38283
1.3841
1.38514
1.38588
1.38628
1.38631
1.38595
1.38523
1.38419
1.38293
1.38158
1.38026
1.3791
1.37815
1.37738
1.37668
1.37587
1.37475
1.37316
1.37102
1.3684
1.3655
1.36273
1.36063
1.35978
1.36063
1.36331
1.36759
1.37293
1.37861
1.38389
1.38815
1.3909
1.39176
1.39056
1.38735
1.38255
1.37712
1.37244
1.36991
1.37041
1.37381
1.37913
1.38505
1.3904
1.39429
1.3962
1.39581
1.39302
1.38788
1.38064
1.37187
1.36248
1.35369
1.34688
1.34324
1.34343
1.34733
1.35409
1.36248
1.37119
1.37921
1.38594
1.39113
1.39481
1.39721
1.39861
1.39933
1.39962
1.39971
1.39976
1.39984
1.39999
1.40022
1.40051
1.40083
1.40118
1.40155
1.40191
1.40229
1.40267
1.40307
1.40345
1.40381
1.4041
1.40427
1.40424
1.40388
1.40306
1.40161
1.39937
1.39618
1.39202
1.38699
1.38151
1.37626
1.37206
1.3696
1.36917
1.37046
1.37284
1.37556
1.37806
1.38002
1.38135
1.38212
1.38248
1.38261
1.38267
1.38279
1.38304
1.38342
1.38388
1.38436
1.38474
1.38495
1.38496
1.38477
1.38446
1.38414
1.3839
1.38385
1.38402
1.38438
1.38484
1.3853
1.38565
1.38581
1.38574
1.38544
1.38495
1.38434
1.38371
1.38312
1.38264
1.38231
1.38216
1.38215
1.38227
1.38248
1.38275
1.38305
1.38338
1.38374
1.38413
1.38457
1.38504
1.38555
1.38606
1.38653
1.3869
1.38707
1.38695
1.38642
1.38534
1.38357
1.38096
1.37741
1.37284
1.36734
1.36115
1.35477
1.34894
1.34455
1.34242
1.34306
1.34647
1.35215
1.35926
1.36689
1.37428
1.38088
1.38641
1.39072
1.39381
1.39571
1.39644
1.39605
1.39455
1.392
1.38852
1.38432
1.37976
1.37528
1.37132
1.36822
1.36609
1.36481
1.36417
1.36395
1.364
1.3643
1.36489
1.3658
1.36699
1.3684
1.3699
1.37138
1.37275
1.37397
1.37503
1.37597
1.37681
1.37759
1.37832
1.37902
1.37969
1.38033
1.38092
1.38146
1.38195
1.38238
1.38275
1.38306
1.38333
1.38356
1.38374
1.3839
1.38403
1.38414
1.38422
1.38428
1.3843
1.38428
1.38421
1.38408
1.38386
1.38355
1.38312
1.38256
1.38185
1.38098
1.37995
1.37878
1.3775
1.37616
1.37483
1.3736
1.37256
1.37177
1.37125
1.37101
1.37097
1.37105
1.37115
1.37117
1.37104
1.37071
1.3702
1.36954
1.36881
1.36811
1.36755
1.36723
1.36723
1.36759
1.3683
1.36933
1.37058
1.37194
1.37327
1.37446
1.37544
1.37614
1.37656
1.37672
1.37669
1.37653
1.3763
1.37601
1.37567
1.37523
1.37464
1.37383
1.37278
1.37149
1.37004
1.36852
1.36705
1.36577
1.36479
1.36417
1.36393
1.36402
1.36433
1.36474
1.20037
1.20075
1.20109
1.20144
1.20191
1.20259
1.20355
1.20479
1.20623
1.20777
1.20927
1.21064
1.2118
1.2127
1.21331
1.21359
1.21355
1.21322
1.21265
1.21193
1.21118
1.21052
1.21005
1.20983
1.2099
1.21028
1.21098
1.21205
1.21354
1.21546
1.2178
1.22046
1.22331
1.22615
1.22883
1.23119
1.2331
1.2345
1.23533
1.23555
1.23516
1.23419
1.23267
1.23072
1.22847
1.22609
1.2238
1.22175
1.22008
1.2189
1.21822
1.21806
1.21838
1.21909
1.22003
1.22101
1.22177
1.22208
1.22176
1.22072
1.21902
1.21679
1.21431
1.21191
1.20993
1.20864
1.20819
1.20855
1.20956
1.21093
1.21236
1.2136
1.21447
1.21491
1.21495
1.21474
1.21446
1.21431
1.21443
1.21486
1.21557
1.21647
1.21752
1.21874
1.22017
1.22189
1.22389
1.22608
1.22832
1.23042
1.23222
1.2336
1.23448
1.23483
1.23467
1.234
1.23287
1.2313
1.22932
1.22697
1.22429
1.22134
1.21823
1.21509
1.21212
1.20954
1.20758
1.20644
1.20624
1.20695
1.20846
1.21054
1.21294
1.21543
1.21783
1.22003
1.22195
1.22358
1.22492
1.226
1.22684
1.22748
1.22792
1.22819
1.22829
1.22823
1.22801
1.22763
1.2271
1.22646
1.22576
1.22508
1.22452
1.22422
1.22429
1.22481
1.22583
1.22729
1.22908
1.23103
1.23294
1.2346
1.23579
1.2363
1.23596
1.2346
1.23215
1.22865
1.22434
1.21965
1.21512
1.21121
1.20812
1.20582
1.20427
1.2037
1.20462
1.20748
1.21214
1.21782
1.22336
1.22766
1.22992
1.22968
1.22686
1.22182
1.21565
1.21013
1.20726
1.20829
1.21301
1.22
1.22753
1.23437
1.23994
1.2441
1.24696
1.24869
1.24946
1.24943
1.24872
1.24745
1.24573
1.24367
1.24138
1.239
1.23669
1.23463
1.233
1.232
1.23176
1.23232
1.2336
1.23543
1.23756
1.23977
1.24185
1.24366
1.24508
1.24607
1.24657
1.24654
1.24594
1.24472
1.24288
1.24043
1.23746
1.23413
1.23067
1.22731
1.22426
1.22169
1.2197
1.2184
1.21794
1.21845
1.22002
1.22253
1.22574
1.22931
1.23289
1.23624
1.2392
1.24169
1.2437
1.2452
1.24618
1.24664
1.24657
1.24601
1.24502
1.24374
1.24238
1.24114
1.24022
1.23976
1.23977
1.24018
1.24084
1.24162
1.24243
1.24325
1.24413
1.24512
1.24624
1.2475
1.24878
1.24996
1.25086
1.25134
1.25128
1.25066
1.24951
1.24799
1.2463
1.24468
1.24332
1.24234
1.24175
1.24144
1.24128
1.24109
1.24077
1.24024
1.2395
1.23862
1.23766
1.23675
1.236
1.23552
1.23542
1.23574
1.23654
1.23782
1.23956
1.24168
1.24404
1.2465
1.24889
1.25106
1.25288
1.25426
1.25516
1.25556
1.25546
1.25488
1.25385
1.25239
1.25054
1.24835
1.24587
1.24314
1.24026
1.23731
1.23442
1.23173
1.22944
1.22774
1.22682
1.22683
1.22779
1.22962
1.23212
1.23499
1.23794
1.24072
1.24312
1.24504
1.24643
1.24729
1.24766
1.24761
1.24718
1.24643
1.24542
1.24417
1.24271
1.24107
1.23927
1.23734
1.23533
1.23328
1.23127
1.22937
1.22765
1.2262
1.22506
1.22426
1.22378
1.22359
1.22364
1.22387
1.22422
1.22465
1.22513
1.22563
1.22614
1.22665
1.22714
1.2276
1.22804
1.22844
1.22879
1.2291
1.22936
1.22958
1.22977
1.22993
1.23008
1.23023
1.23041
1.23063
1.2309
1.23125
1.2317
1.23226
1.23293
1.23374
1.23467
1.23573
1.2369
1.23816
1.23948
1.24083
1.24215
1.24337
1.24444
1.24524
1.24566
1.24558
1.24482
1.24318
1.24045
1.23644
1.23103
1.22436
1.21703
1.21015
1.20526
1.20365
1.20562
1.21026
1.21594
1.22114
1.22484
1.22661
1.22642
1.22447
1.22122
1.21733
1.21369
1.21129
1.21089
1.21274
1.2165
1.22142
1.22673
1.23188
1.23659
1.2408
1.24453
1.24779
1.25052
1.25262
1.25397
1.25448
1.2541
1.25287
1.25089
1.24838
1.24563
1.243
1.24085
1.23944
1.2389
1.23918
1.24008
1.24133
1.24269
1.24395
1.245
1.24582
1.2464
1.2468
1.2471
1.24736
1.24764
1.24798
1.24842
1.24896
1.2496
1.25034
1.25116
1.25205
1.25301
1.25401
1.25505
1.25612
1.25718
1.25821
1.25916
1.25998
1.26057
1.26083
1.2606
1.25967
1.25777
1.25458
1.24973
1.24298
1.23436
1.22453
1.21499
1.2079
1.20521
1.20748
1.21359
1.2215
1.22938
1.23619
1.24159
1.24561
1.24841
1.25018
1.25105
1.25115
1.25061
1.24958
1.24821
1.24668
1.24513
1.24373
1.24259
1.24178
1.24132
1.24118
1.24132
1.24164
1.24208
1.24255
1.24303
1.24348
1.2439
1.24428
1.24463
1.24495
1.24524
1.24549
1.24569
1.24583
1.24588
1.24584
1.24567
1.24537
1.24491
1.24427
1.24344
1.24238
1.24109
1.23954
1.19827
1.19619
1.19383
1.19119
1.18828
1.18512
1.18174
1.1782
1.17455
1.1709
1.16737
1.16408
1.16116
1.15873
1.15686
1.15558
1.15485
1.15461
1.15473
1.15509
1.15559
1.15613
1.15668
1.15724
1.15781
1.15839
1.15897
1.15948
1.1598
1.15985
1.15954
1.15886
1.15789
1.1568
1.15582
1.15518
1.15504
1.15546
1.15635
1.15752
1.15875
1.15984
1.16065
1.1611
1.16115
1.16082
1.16015
1.1592
1.15801
1.15663
1.15508
1.15337
1.1515
1.14941
1.14706
1.14438
1.14133
1.13791
1.13417
1.1303
1.12663
1.12363
1.12183
1.12169
1.1234
1.12676
1.13129
1.13636
1.1414
1.14602
1.15002
1.15333
1.15599
1.15806
1.15961
1.16068
1.16129
1.16142
1.16102
1.16002
1.15829
1.15571
1.15217
1.14761
1.14204
1.13565
1.12881
1.12208
1.11611
1.11153
1.10874
1.10786
1.10871
1.11094
1.11414
1.11796
1.12214
1.12647
1.1308
1.13496
1.1388
1.14218
1.14495
1.14701
1.14827
1.14871
1.14838
1.14743
1.14611
1.14472
1.14359
1.14294
1.14283
1.14313
1.1436
1.144
1.14423
1.14434
1.14451
1.145
1.14601
1.14757
1.14954
1.15162
1.15344
1.1547
1.15516
1.15473
1.15346
1.15154
1.1493
1.14716
1.14558
1.14496
1.14553
1.14733
1.15018
1.15375
1.15765
1.16155
1.16518
1.16836
1.17101
1.17312
1.1747
1.1758
1.17645
1.1767
1.1766
1.1762
1.17555
1.1747
1.17373
1.1727
1.17166
1.17069
1.16979
1.16896
1.16818
1.16738
1.16657
1.16576
1.1651
1.16485
1.16532
1.1668
1.16941
1.17295
1.17693
1.18065
1.18338
1.18453
1.1838
1.18133
1.17774
1.17409
1.17149
1.17064
1.17147
1.17329
1.17525
1.17672
1.17746
1.17752
1.17706
1.1762
1.17503
1.17356
1.17179
1.16981
1.16784
1.16618
1.16517
1.16506
1.16592
1.16761
1.16984
1.17232
1.17485
1.17735
1.17982
1.18226
1.1846
1.18673
1.18852
1.18988
1.19078
1.1913
1.19157
1.19173
1.19191
1.19217
1.19251
1.19289
1.19324
1.19345
1.19348
1.19327
1.1928
1.19209
1.19116
1.19008
1.1889
1.18773
1.18665
1.18575
1.18513
1.18486
1.18495
1.18541
1.18621
1.18729
1.18857
1.18999
1.19148
1.19296
1.1944
1.19572
1.19689
1.19784
1.19851
1.19882
1.19872
1.1981
1.19692
1.19511
1.19267
1.18964
1.18616
1.18245
1.1788
1.1756
1.17324
1.17208
1.17234
1.17404
1.17699
1.1808
1.18499
1.18903
1.1925
1.1951
1.19667
1.19721
1.19686
1.19587
1.19461
1.19349
1.1929
1.19311
1.19418
1.19602
1.19836
1.20093
1.20346
1.20576
1.20773
1.20934
1.21061
1.21158
1.21229
1.21279
1.21313
1.21334
1.21346
1.21351
1.21352
1.21351
1.2135
1.2135
1.2135
1.21351
1.2135
1.21345
1.21331
1.21306
1.21267
1.2121
1.21135
1.21044
1.20939
1.20828
1.20718
1.20622
1.20548
1.20506
1.20499
1.20526
1.20577
1.20639
1.20695
1.20733
1.20751
1.20753
1.20755
1.20776
1.20836
1.20946
1.21107
1.21307
1.21524
1.21732
1.21901
1.22009
1.22037
1.21975
1.2182
1.21572
1.21239
1.20833
1.20365
1.1985
1.19301
1.1874
1.182
1.1773
1.17389
1.17214
1.17202
1.17308
1.1747
1.17649
1.17843
1.18074
1.18365
1.18723
1.19134
1.19569
1.19998
1.20393
1.20737
1.21018
1.21234
1.21388
1.21485
1.21533
1.21539
1.2151
1.21451
1.21366
1.21256
1.21121
1.2096
1.20769
1.20544
1.2028
1.19971
1.19612
1.19201
1.1874
1.18242
1.1773
1.1724
1.16818
1.16506
1.16334
1.16305
1.16402
1.16592
1.1684
1.17114
1.17389
1.17649
1.17884
1.18089
1.18261
1.18406
1.18529
1.18638
1.18744
1.18852
1.18966
1.19086
1.19209
1.1933
1.19443
1.19545
1.19633
1.19708
1.19769
1.19822
1.19869
1.19914
1.19963
1.20019
1.20084
1.2016
1.20248
1.20346
1.2045
1.20557
1.20662
1.20756
1.20833
1.20883
1.20896
1.20862
1.20771
1.20615
1.20389
1.20094
1.19737
1.19331
1.18896
1.1846
1.18058
1.17738
1.1756
1.17578
1.1783
1.18319
1.19004
1.19817
1.20679
1.21517
1.22278
1.2293
1.23457
1.23855
1.24126
1.24277
1.24316
1.24251
1.2409
1.23841
1.23515
1.23125
1.22686
1.22221
1.21761
1.21346
1.21031
1.20872
1.20918
1.21186
1.21651
1.22248
1.22894
1.2351
1.24039
1.24449
1.24737
1.24915
1.2501
1.25051
1.25069
1.25085
1.25116
1.25168
1.25238
1.25321
1.25406
1.25487
1.25555
1.25607
1.2564
1.25649
1.25631
1.25578
1.25481
1.25329
1.25112
1.24823
1.24467
1.24066
1.23664
1.23327
1.23125
1.23117
1.23317
1.23699
1.24201
1.24752
1.25288
1.25767
1.26165
1.26471
1.2669
1.26831
1.26906
1.20019
1.20009
1.1998
1.19942
1.19902
1.19868
1.19842
1.19827
1.19821
1.19823
1.19829
1.19832
1.19826
1.19802
1.19751
1.19665
1.19538
1.19366
1.19151
1.18906
1.18652
1.18421
1.18248
1.18165
1.18187
1.1831
1.18512
1.18757
1.19012
1.19247
1.19443
1.19588
1.1968
1.19719
1.19712
1.19669
1.19599
1.19511
1.1941
1.19295
1.19162
1.19003
1.18812
1.18593
1.18366
1.18164
1.18029
1.17999
1.18086
1.18278
1.18537
1.18819
1.19083
1.19303
1.19468
1.19575
1.19628
1.19633
1.19597
1.19523
1.19414
1.1927
1.19094
1.18888
1.18661
1.18424
1.18195
1.17992
1.17837
1.17742
1.17716
1.17755
1.17849
1.17982
1.18133
1.18284
1.1842
1.1853
1.18607
1.18646
1.18649
1.18617
1.18554
1.18467
1.18361
1.18243
1.1812
1.17996
1.17877
1.17765
1.17662
1.17567
1.17481
1.174
1.17323
1.17248
1.17173
1.17097
1.1702
1.1694
1.16858
1.16774
1.1669
1.16607
1.16527
1.16452
1.16385
1.16328
1.16284
1.16252
1.16234
1.16228
1.16232
1.16245
1.16263
1.16283
1.16304
1.16322
1.16338
1.16348
1.16353
1.16351
1.16341
1.16324
1.16297
1.16261
1.16215
1.16155
1.16082
1.15992
1.15883
1.15751
1.15596
1.15413
1.15203
1.14967
1.14711
1.14441
1.1417
1.13909
1.13671
1.13464
1.13293
1.13161
1.13072
1.13037
1.13072
1.13192
1.13409
1.13722
1.14114
1.14559
1.15024
1.1548
1.15905
1.16285
1.16615
1.16893
1.17122
1.17306
1.1745
1.17559
1.17637
1.17685
1.17705
1.17696
1.17654
1.17572
1.17438
1.17239
1.16957
1.16573
1.16073
1.15459
1.1476
1.1405
1.13438
1.1304
1.12925
1.13081
1.13426
1.13858
1.14295
1.14693
1.15039
1.15336
1.15592
1.15816
1.16012
1.16181
1.16323
1.16437
1.16524
1.16583
1.16613
1.16617
1.16593
1.16542
1.16463
1.16355
1.16216
1.16045
1.15842
1.15608
1.15347
1.15068
1.14782
1.14506
1.14259
1.14059
1.13922
1.13853
1.13843
1.13873
1.13919
1.13956
1.1397
1.13959
1.1394
1.13941
1.13995
1.1413
1.14353
1.14651
1.14997
1.15356
1.15695
1.15994
1.1624
1.16433
1.16575
1.16676
1.16744
1.16788
1.16816
1.16833
1.1684
1.16838
1.16823
1.16793
1.16743
1.1667
1.1657
1.16441
1.1628
1.16088
1.15861
1.15602
1.15309
1.14989
1.1465
1.14308
1.13985
1.13708
1.13507
1.13403
1.13403
1.13501
1.13681
1.13924
1.14214
1.14541
1.14896
1.15268
1.15644
1.16006
1.16339
1.16635
1.16886
1.17093
1.1726
1.17391
1.17494
1.17574
1.17637
1.17686
1.17725
1.17755
1.17778
1.17794
1.17802
1.17802
1.17792
1.17771
1.17737
1.1769
1.17627
1.17548
1.17452
1.1734
1.17214
1.17076
1.16929
1.16778
1.16626
1.16479
1.16338
1.16204
1.16077
1.15952
1.15825
1.15688
1.15534
1.15359
1.15167
1.1497
1.14791
1.14663
1.14613
1.1466
1.14803
1.15023
1.15292
1.15578
1.15856
1.1611
1.16332
1.16517
1.16664
1.16773
1.16842
1.1687
1.16855
1.16798
1.167
1.16572
1.16429
1.16292
1.16181
1.16111
1.16084
1.16087
1.16095
1.16079
1.16015
1.15885
1.1569
1.15441
1.15164
1.14891
1.14652
1.14469
1.14348
1.1428
1.14252
1.14248
1.1426
1.14285
1.14329
1.14396
1.1449
1.1461
1.1475
1.14903
1.15057
1.15204
1.15335
1.15445
1.15528
1.15586
1.15618
1.15628
1.1562
1.15599
1.1557
1.15534
1.15494
1.1545
1.15399
1.15337
1.15259
1.15159
1.15031
1.14872
1.14679
1.14458
1.14217
1.13974
1.13752
1.13577
1.13472
1.13448
1.13506
1.1363
1.13797
1.1398
1.14158
1.14313
1.14437
1.14525
1.14581
1.14607
1.14609
1.14593
1.14563
1.14523
1.14476
1.14422
1.14363
1.14296
1.14222
1.14141
1.14051
1.13956
1.13858
1.1376
1.13666
1.13579
1.13502
1.13435
1.13379
1.13331
1.13289
1.13246
1.132
1.13143
1.13073
1.12985
1.12878
1.1275
1.12602
1.12437
1.12261
1.1208
1.11906
1.11753
1.11637
1.1157
1.11565
1.11626
1.11753
1.11941
1.12179
1.12454
1.12753
1.13059
1.13354
1.13621
1.13842
1.14002
1.14089
1.14091
1.14006
1.1384
1.13613
1.13366
1.13151
1.13027
1.13033
1.13172
1.13407
1.13677
1.13915
1.14062
1.14079
1.13946
1.13659
1.13242
1.12744
1.12247
1.11848
1.11636
1.11655
1.1189
1.12279
1.12744
1.13216
1.13648
1.14014
1.14306
1.14526
1.14682
1.14786
1.14851
1.14889
1.14912
1.14929
1.14947
1.1497
1.15001
1.15039
1.15084
1.15132
1.1518
1.15226
1.15267
1.153
1.15323
1.15334
1.15329
1.15306
1.1526
1.1519
1.15097
1.14986
1.14871
1.14769
1.14699
1.14678
1.14709
1.20075
1.20169
1.20251
1.20296
1.20293
1.20242
1.20152
1.20033
1.19892
1.19729
1.19544
1.19352
1.19182
1.1908
1.19087
1.19227
1.19488
1.19834
1.20221
1.20606
1.20958
1.21257
1.21488
1.21649
1.21744
1.21781
1.21775
1.21745
1.21707
1.21679
1.21673
1.21693
1.21739
1.21805
1.21878
1.21944
1.21988
1.21996
1.21958
1.21868
1.21724
1.21533
1.21311
1.21083
1.20881
1.20736
1.20671
1.20691
1.20786
1.20928
1.21086
1.21229
1.21335
1.2139
1.21391
1.21343
1.21255
1.21144
1.21027
1.20922
1.20843
1.20797
1.20785
1.20799
1.20828
1.2086
1.20883
1.20885
1.20855
1.20781
1.20649
1.20448
1.20167
1.19801
1.1936
1.18873
1.18393
1.17995
1.17755
1.1773
1.17933
1.1833
1.18853
1.19429
1.19996
1.2051
1.20948
1.213
1.21567
1.21753
1.21867
1.21918
1.21914
1.21862
1.21768
1.21634
1.2146
1.21239
1.20962
1.20617
1.20199
1.19723
1.19238
1.18831
1.18601
1.18609
1.18828
1.1915
1.19441
1.19606
1.1962
1.19525
1.1941
1.19362
1.19435
1.19631
1.19914
1.20232
1.20545
1.20822
1.21047
1.21206
1.21293
1.21303
1.2124
1.2112
1.20967
1.20816
1.20701
1.20651
1.20683
1.20802
1.20996
1.21244
1.2151
1.21754
1.21931
1.22002
1.21935
1.21715
1.21346
1.20858
1.20316
1.19818
1.19481
1.19406
1.19639
1.20152
1.20851
1.21614
1.2233
1.22915
1.23322
1.23528
1.23528
1.23331
1.22965
1.22483
1.21971
1.21534
1.21263
1.21196
1.21295
1.21469
1.21617
1.21669
1.21602
1.21441
1.21246
1.2109
1.21031
1.21091
1.21251
1.21464
1.21678
1.21859
1.21988
1.22066
1.22102
1.22109
1.22098
1.22081
1.22066
1.22059
1.22068
1.22096
1.22147
1.22221
1.22316
1.22429
1.22553
1.22683
1.22812
1.22934
1.23046
1.23141
1.23218
1.23273
1.23304
1.23311
1.23294
1.23256
1.23198
1.23124
1.23037
1.22941
1.22837
1.22725
1.22602
1.22464
1.22308
1.22128
1.21927
1.21707
1.21475
1.21239
1.21003
1.20768
1.2053
1.20291
1.20055
1.19841
1.19678
1.19595
1.19622
1.19772
1.20038
1.204
1.20822
1.21266
1.21696
1.22084
1.22415
1.22683
1.2289
1.23039
1.23138
1.23188
1.2319
1.2314
1.23032
1.22861
1.2262
1.22307
1.21927
1.21493
1.21035
1.20594
1.20217
1.19941
1.19781
1.19723
1.19735
1.19777
1.1982
1.19851
1.19871
1.19893
1.19937
1.20022
1.20163
1.20363
1.20609
1.20883
1.21158
1.2141
1.2162
1.21777
1.21874
1.2191
1.21884
1.21799
1.21659
1.21467
1.21227
1.20938
1.20597
1.20187
1.19682
1.19043
1.18228
1.17226
1.16096
1.15019
1.14274
1.14111
1.1458
1.15497
1.16585
1.1763
1.18529
1.1926
1.19836
1.20282
1.20621
1.20873
1.21048
1.21154
1.21196
1.21173
1.21084
1.2093
1.20719
1.20469
1.20212
1.19996
1.19868
1.19867
1.20003
1.20255
1.20579
1.20925
1.2125
1.21525
1.21736
1.21881
1.21961
1.21983
1.21953
1.21877
1.21761
1.2161
1.21431
1.21229
1.21014
1.20797
1.2059
1.20408
1.20263
1.20163
1.2011
1.20103
1.20135
1.20197
1.20281
1.20381
1.20492
1.20613
1.20747
1.20898
1.21069
1.21256
1.21448
1.21632
1.2179
1.21906
1.21968
1.21972
1.21919
1.21813
1.21667
1.21495
1.21315
1.21142
1.20992
1.20876
1.20798
1.20759
1.20755
1.20778
1.20821
1.20878
1.20948
1.2103
1.21127
1.21243
1.21378
1.21529
1.2169
1.2185
1.21999
1.22125
1.22222
1.22284
1.22308
1.22295
1.22246
1.22164
1.22053
1.21916
1.21759
1.21583
1.21386
1.21164
1.20907
1.20606
1.20254
1.19853
1.19415
1.18964
1.18537
1.18175
1.1792
1.17797
1.17815
1.17956
1.18189
1.18471
1.18762
1.19032
1.19262
1.19442
1.19574
1.1966
1.19706
1.19716
1.19691
1.19632
1.19536
1.19403
1.19232
1.19027
1.18797
1.18558
1.18326
1.18122
1.1796
1.17851
1.17796
1.17791
1.17829
1.17901
1.18002
1.18123
1.18255
1.18388
1.1851
1.18608
1.18672
1.18692
1.1866
1.18575
1.18438
1.18256
1.18041
1.17811
1.17589
1.17395
1.17247
1.17155
1.17116
1.17121
1.17154
1.17198
1.17235
1.17251
1.17233
1.17171
1.17055
1.16878
1.16635
1.16328
1.15967
1.15567
1.15155
1.14765
1.14435
1.14203
1.14095
1.14126
1.14289
1.14561
1.14906
1.15285
1.15662
1.16008
1.16307
1.1655
1.16735
1.16865
1.16946
1.16986
1.1699
1.16963
1.16909
1.16829
1.16723
1.16586
1.16409
1.16183
1.15891
1.1552
1.15058
1.1451
1.13909
1.13327
1.12871
1.1265
1.12724
1.13068
1.13587
1.14159
1.14681
1.15084
1.15331
1.15406
1.15305
1.15041
1.1465
1.14195
1.19582
1.19244
1.19052
1.18997
1.1905
1.1919
1.19424
1.19766
1.20205
1.20699
1.21188
1.21619
1.21963
1.22217
1.22396
1.22523
1.22619
1.22703
1.22785
1.22869
1.22954
1.23034
1.23104
1.23156
1.23185
1.23186
1.23154
1.23088
1.22986
1.22847
1.22673
1.22469
1.22239
1.21993
1.21744
1.21511
1.21314
1.21176
1.21115
1.21145
1.21266
1.2147
1.21739
1.22049
1.22373
1.22687
1.22969
1.23204
1.23382
1.23498
1.23552
1.23548
1.23494
1.23399
1.2327
1.23107
1.22899
1.22621
1.22239
1.21717
1.21036
1.20223
1.19385
1.18724
1.18472
1.18756
1.19503
1.20483
1.21458
1.22281
1.22906
1.23348
1.23648
1.23849
1.23985
1.2408
1.24151
1.24208
1.24257
1.24298
1.24334
1.24363
1.24384
1.24397
1.24401
1.24394
1.24375
1.24343
1.24298
1.24238
1.24162
1.24071
1.23965
1.23842
1.23705
1.23555
1.23394
1.23224
1.23049
1.22874
1.22705
1.22548
1.22411
1.223
1.22223
1.22182
1.22181
1.22225
1.22315
1.22455
1.22644
1.22873
1.23131
1.23399
1.23657
1.23882
1.24052
1.24144
1.24133
1.23991
1.23694
1.23234
1.22636
1.21983
1.2142
1.21107
1.21135
1.21471
1.21979
1.22502
1.2293
1.23218
1.23365
1.234
1.23357
1.2327
1.23167
1.23064
1.22962
1.22853
1.22721
1.22556
1.22357
1.22138
1.21926
1.21753
1.21648
1.21627
1.21691
1.21825
1.22008
1.22218
1.22434
1.22648
1.22855
1.23058
1.23261
1.23467
1.23676
1.23886
1.2409
1.24282
1.24457
1.24611
1.24743
1.24852
1.24941
1.25012
1.25068
1.25112
1.25147
1.25174
1.25195
1.2521
1.25218
1.25218
1.25208
1.25185
1.25147
1.25089
1.25011
1.2491
1.24787
1.24642
1.24472
1.24267
1.24003
1.23636
1.23104
1.22356
1.21409
1.20437
1.19775
1.19756
1.20428
1.21503
1.2259
1.23429
1.2394
1.24156
1.24148
1.2399
1.23743
1.23455
1.23159
1.22871
1.22591
1.22306
1.21993
1.2164
1.2126
1.20915
1.20708
1.20741
1.2105
1.21574
1.22181
1.22737
1.23149
1.23383
1.23452
1.23399
1.23278
1.23147
1.23049
1.23006
1.23015
1.23053
1.23089
1.23094
1.23048
1.22943
1.2278
1.2257
1.22327
1.22071
1.21828
1.21627
1.21496
1.21462
1.21538
1.21719
1.21984
1.223
1.2263
1.22942
1.23214
1.23433
1.23591
1.23687
1.23723
1.23698
1.23615
1.23473
1.23271
1.23008
1.22681
1.22288
1.2183
1.21314
1.20765
1.20231
1.19785
1.19507
1.19449
1.19614
1.19944
1.20355
1.20771
1.21143
1.21452
1.21701
1.21903
1.22072
1.2222
1.22353
1.22473
1.22579
1.22668
1.22737
1.22783
1.22804
1.22799
1.22769
1.22718
1.2265
1.22571
1.22489
1.22412
1.22347
1.22299
1.22272
1.22265
1.22273
1.22289
1.22302
1.22298
1.22266
1.22192
1.22068
1.2189
1.21657
1.21381
1.21078
1.20776
1.20504
1.20294
1.20168
1.20138
1.20199
1.20335
1.20518
1.20721
1.20917
1.21083
1.21207
1.21281
1.21306
1.21284
1.21226
1.21139
1.21036
1.20925
1.20815
1.2071
1.20613
1.20524
1.20443
1.20367
1.20292
1.20217
1.20136
1.20049
1.19952
1.19847
1.19738
1.19631
1.19534
1.19458
1.19413
1.19406
1.1944
1.19512
1.19617
1.19744
1.19882
1.20019
1.20146
1.20256
1.20342
1.20402
1.20436
1.20443
1.20425
1.20383
1.20319
1.20236
1.20138
1.20027
1.19908
1.19785
1.19664
1.19551
1.1945
1.19366
1.193
1.19253
1.1922
1.19197
1.19175
1.19147
1.19107
1.19053
1.18986
1.18914
1.18844
1.1879
1.18761
1.18765
1.18806
1.18882
1.18989
1.1912
1.19266
1.19418
1.19569
1.19713
1.19843
1.19956
1.20047
1.20117
1.20162
1.20184
1.20184
1.20163
1.20124
1.20068
1.19998
1.19914
1.1982
1.1972
1.19621
1.19537
1.19483
1.19478
1.19537
1.19666
1.19862
1.2011
1.2039
1.20679
1.2096
1.21218
1.21447
1.21645
1.21813
1.21953
1.22068
1.22163
1.2224
1.22302
1.22352
1.22392
1.22422
1.22444
1.2246
1.2247
1.22474
1.22471
1.22462
1.22444
1.22416
1.22375
1.22317
1.2224
1.22142
1.22022
1.21884
1.2173
1.2157
1.21414
1.21275
1.21165
1.21095
1.21072
1.21099
1.21176
1.213
1.21468
1.21677
1.21922
1.22201
1.22506
1.2283
1.23161
1.23486
1.23792
1.24063
1.24291
1.24466
1.24588
1.24657
1.24681
1.24671
1.24639
1.24599
1.24561
1.24532
1.24512
1.24499
1.24485
1.24462
1.24422
1.2436
1.24274
1.24167
1.24044
1.23914
1.23788
1.2368
1.23602
1.23566
1.23579
1.23641
1.2375
1.23896
1.24066
1.24249
1.24429
1.24596
1.24738
1.24846
1.24914
1.24933
1.24897
1.248
1.24639
1.24409
1.2411
1.23745
1.19597
1.19134
1.18652
1.18178
1.17749
1.17401
1.17168
1.17073
1.17125
1.17315
1.17613
1.17981
1.18378
1.18769
1.19128
1.19443
1.19712
1.19937
1.20126
1.20282
1.20412
1.20516
1.20596
1.20653
1.20686
1.20697
1.20686
1.20655
1.20606
1.2054
1.20459
1.20362
1.2025
1.20121
1.19974
1.19807
1.19615
1.194
1.19161
1.18902
1.18635
1.18372
1.18134
1.17942
1.17817
1.17772
1.17814
1.17937
1.18126
1.1836
1.18615
1.1887
1.19105
1.1931
1.19476
1.19603
1.19692
1.19748
1.19776
1.19784
1.19781
1.19773
1.1977
1.19779
1.19806
1.19857
1.19934
1.20037
1.20161
1.203
1.20446
1.20588
1.20714
1.20813
1.20874
1.20886
1.20845
1.20747
1.20601
1.20424
1.20247
1.20113
1.20067
1.20144
1.20358
1.20692
1.21106
1.21552
1.2198
1.22354
1.2265
1.22855
1.22969
1.22995
1.2295
1.22857
1.22744
1.22647
1.22596
1.22615
1.2271
1.22873
1.2308
1.23298
1.23493
1.23637
1.23714
1.23722
1.23677
1.23612
1.23568
1.23585
1.23688
1.23877
1.24131
1.24417
1.24703
1.24963
1.25184
1.25358
1.25481
1.25549
1.25557
1.25498
1.25371
1.25178
1.24929
1.24645
1.24355
1.24093
1.23894
1.23786
1.23785
1.23891
1.24089
1.24356
1.24663
1.24984
1.25296
1.25582
1.25827
1.2602
1.26152
1.26217
1.26211
1.26131
1.25981
1.2577
1.2551
1.25223
1.24935
1.24675
1.24476
1.24363
1.24356
1.24462
1.24672
1.24966
1.25314
1.25678
1.26023
1.26314
1.26522
1.26623
1.26598
1.26433
1.2612
1.25668
1.25103
1.24487
1.23908
1.23471
1.23257
1.23296
1.23559
1.23979
1.24481
1.25004
1.25509
1.25975
1.26389
1.26744
1.27036
1.27261
1.27417
1.27501
1.27509
1.27432
1.27261
1.26985
1.26599
1.26112
1.25559
1.25005
1.24537
1.24238
1.24146
1.24241
1.24457
1.24717
1.24966
1.25177
1.25347
1.25488
1.25615
1.25739
1.25867
1.26001
1.26138
1.26269
1.26386
1.2648
1.26543
1.26567
1.26549
1.26489
1.26389
1.26257
1.26103
1.25941
1.25785
1.25651
1.25549
1.25483
1.25452
1.25447
1.25456
1.25464
1.25459
1.2543
1.25375
1.25291
1.25184
1.25056
1.24918
1.24779
1.24655
1.24562
1.24517
1.24532
1.24609
1.24741
1.24914
1.25111
1.25314
1.25508
1.2568
1.25814
1.25894
1.259
1.25806
1.25585
1.25211
1.24668
1.23978
1.23221
1.22544
1.2212
1.22065
1.22359
1.22865
1.23416
1.23893
1.24247
1.24478
1.24613
1.24683
1.24711
1.24709
1.24677
1.24605
1.24478
1.24285
1.24022
1.23701
1.23361
1.23059
1.22858
1.22805
1.22911
1.23147
1.23459
1.23787
1.2408
1.24304
1.24435
1.24463
1.24387
1.24215
1.23964
1.23665
1.23356
1.2308
1.22874
1.22761
1.22746
1.22811
1.22929
1.23069
1.23205
1.23323
1.23417
1.23494
1.23568
1.23655
1.2377
1.23923
1.24114
1.24337
1.24579
1.24824
1.25052
1.25245
1.25384
1.25454
1.25438
1.25318
1.25077
1.24695
1.24152
1.23431
1.22533
1.21491
1.20388
1.1936
1.18571
1.18153
1.1815
1.18494
1.19057
1.19709
1.20367
1.21003
1.21623
1.22247
1.22886
1.23538
1.24181
1.24779
1.25295
1.25701
1.25984
1.26144
1.26192
1.26143
1.26013
1.2582
1.25577
1.253
1.25
1.24689
1.24378
1.24074
1.23782
1.23505
1.23248
1.2302
1.22837
1.22719
1.22687
1.2275
1.229
1.23119
1.23378
1.2365
1.23917
1.24168
1.24402
1.2462
1.24826
1.25019
1.25198
1.25357
1.25489
1.25586
1.2564
1.25644
1.25594
1.25489
1.25333
1.25137
1.24916
1.2469
1.24477
1.24288
1.24129
1.23994
1.23872
1.23751
1.23617
1.23462
1.23283
1.23077
1.2285
1.22613
1.22388
1.22201
1.22085
1.22069
1.2217
1.22385
1.22694
1.23062
1.23449
1.23822
1.24152
1.24422
1.24619
1.24733
1.24754
1.24669
1.24463
1.24122
1.2363
1.22988
1.22222
1.21402
1.20647
1.20099
1.19861
1.19945
1.20267
1.20708
1.2117
1.21605
1.22007
1.22386
1.22749
1.23093
1.234
1.23653
1.23835
1.23942
1.23975
1.23948
1.23879
1.2379
1.237
1.23628
1.23587
1.23584
1.2362
1.23693
1.23795
1.23917
1.2405
1.24186
1.24316
1.24434
1.24534
1.24613
1.24667
1.24692
1.24685
1.24642
1.24562
1.24441
1.24276
1.24069
1.23818
1.2353
1.23214
1.22886
1.2257
1.22295
1.22092
1.21985
1.2199
1.22104
1.22309
1.22574
1.22864
1.23146
1.23392
1.23582
1.23704
1.23755
1.23739
1.23665
1.23549
1.23411
1.23273
1.23159
1.23089
1.23077
1.23129
1.23244
1.23411
1.23614
1.23834
1.24054
1.24256
1.24429
1.24563
1.24651
1.24688
1.24674
1.24611
1.24507
1.24378
1.19877
1.19777
1.19733
1.19765
1.19879
1.20064
1.20298
1.20553
1.20802
1.21022
1.21201
1.2133
1.21409
1.21444
1.21442
1.21416
1.21376
1.21335
1.21302
1.21285
1.21285
1.21301
1.21327
1.21354
1.21375
1.21379
1.21358
1.21305
1.21212
1.21072
1.2088
1.20625
1.20302
1.19906
1.19442
1.1894
1.18458
1.18087
1.17922
1.18026
1.18391
1.18942
1.19574
1.20194
1.20743
1.21197
1.21552
1.21818
1.22005
1.22125
1.22188
1.22201
1.2217
1.22102
1.22002
1.21876
1.21731
1.21575
1.21415
1.21262
1.21124
1.21009
1.20921
1.20863
1.20833
1.20827
1.20839
1.20864
1.20896
1.20934
1.20976
1.21022
1.21072
1.21125
1.2118
1.21234
1.21284
1.21324
1.21351
1.21364
1.2136
1.21342
1.21313
1.21279
1.21248
1.21226
1.21221
1.21237
1.21274
1.21331
1.21403
1.21481
1.21557
1.21624
1.21678
1.21718
1.21747
1.21771
1.21798
1.21835
1.21886
1.2195
1.22024
1.22102
1.22174
1.22232
1.22267
1.22274
1.22244
1.22176
1.22069
1.21927
1.21761
1.21589
1.21434
1.21323
1.21279
1.21315
1.2143
1.21609
1.21824
1.22045
1.22247
1.22419
1.22563
1.22696
1.22843
1.23022
1.23243
1.235
1.23775
1.24046
1.24293
1.24506
1.2468
1.24816
1.24922
1.25003
1.25065
1.25109
1.25136
1.25141
1.25117
1.25058
1.24956
1.24805
1.24602
1.24348
1.24047
1.23711
1.23352
1.22989
1.22643
1.22335
1.22084
1.21907
1.21813
1.21799
1.21858
1.2197
1.22116
1.22275
1.22436
1.2259
1.22742
1.22898
1.23067
1.23252
1.23449
1.23647
1.23829
1.23977
1.2408
1.24129
1.24122
1.2406
1.2395
1.23799
1.23619
1.23425
1.23237
1.23078
1.2297
1.22932
1.22973
1.23089
1.23267
1.23487
1.23729
1.23974
1.24209
1.24423
1.24612
1.24769
1.24892
1.24975
1.25011
1.24991
1.24905
1.24742
1.24494
1.24164
1.23772
1.23357
1.2298
1.22706
1.22584
1.22618
1.22777
1.23002
1.23238
1.23447
1.23616
1.23748
1.23858
1.23962
1.24074
1.242
1.24343
1.24498
1.24656
1.24809
1.24948
1.25066
1.2516
1.25227
1.25266
1.25277
1.25263
1.25223
1.2516
1.25072
1.24961
1.24824
1.2466
1.24467
1.24244
1.2399
1.23705
1.23396
1.2307
1.22743
1.22434
1.22167
1.2197
1.21864
1.21865
1.21975
1.22183
1.22466
1.22791
1.23127
1.23443
1.23714
1.23924
1.2406
1.24118
1.24097
1.24004
1.23854
1.23667
1.23475
1.23306
1.23188
1.23131
1.23127
1.2315
1.23168
1.23149
1.23074
1.22942
1.22772
1.22599
1.22466
1.22407
1.22435
1.22534
1.2267
1.22799
1.22889
1.22918
1.2288
1.2278
1.2263
1.2244
1.22222
1.21985
1.21734
1.21472
1.21202
1.2093
1.20667
1.20426
1.20229
1.20095
1.20041
1.20072
1.20184
1.20359
1.20573
1.20801
1.21017
1.21201
1.21334
1.21401
1.2139
1.2129
1.21095
1.20807
1.20439
1.20023
1.19608
1.19251
1.19006
1.18894
1.18907
1.19012
1.19178
1.1939
1.19653
1.19977
1.2036
1.20786
1.21224
1.21643
1.22021
1.22344
1.22608
1.22818
1.22978
1.23095
1.23173
1.23215
1.23224
1.23201
1.23146
1.23059
1.2294
1.22789
1.22609
1.22407
1.22197
1.22005
1.21863
1.21803
1.21845
1.21986
1.22197
1.22434
1.22648
1.228
1.22866
1.22839
1.22725
1.22544
1.2232
1.22085
1.21867
1.21687
1.21555
1.21465
1.21402
1.21352
1.21309
1.2129
1.21333
1.21487
1.21788
1.22237
1.22793
1.23392
1.23963
1.24454
1.2483
1.25079
1.25201
1.25206
1.25111
1.24935
1.24702
1.24434
1.24156
1.2389
1.23657
1.23471
1.23344
1.23278
1.23268
1.23301
1.23354
1.23405
1.23433
1.23423
1.2337
1.23275
1.23148
1.23002
1.22851
1.22711
1.22597
1.22516
1.22471
1.22455
1.22454
1.2245
1.22424
1.22362
1.22254
1.22095
1.2189
1.21646
1.21378
1.2111
1.20871
1.20694
1.20615
1.20658
1.20831
1.2112
1.21492
1.21905
1.22317
1.22695
1.23016
1.23268
1.23448
1.23559
1.23607
1.23602
1.23553
1.2347
1.23361
1.23227
1.23065
1.22869
1.22625
1.22326
1.21968
1.21566
1.21156
1.2079
1.20527
1.20409
1.20438
1.20573
1.20751
1.20908
1.20995
1.20988
1.20882
1.20687
1.2042
1.20103
1.1976
1.1942
1.19112
1.18866
1.18709
1.18656
1.1871
1.18862
1.19093
1.19377
1.19684
1.19983
1.20247
1.20455
1.20594
1.20661
1.20662
1.20608
1.20512
1.20391
1.2026
1.20133
1.20018
1.19922
1.19846
1.19791
1.19755
1.19738
1.19744
1.19776
1.19835
1.19922
1.2003
1.20146
1.20257
1.20342
1.20387
1.20377
1.20303
1.20159
1.19948
1.19675
1.1935
1.1899
1.18612
1.18235
1.1788
1.17566
1.17313
1.17141
1.1706
1.17077
1.17183
1.17362
1.17587
1.17831
1.18073
1.18294
1.18486
1.18644
1.18768
1.18859
1.18914
1.18927
1.18892
1.18801
1.1865
1.18442
1.18191
1.17926
1.17683
1.175
1.17404
1.17399
1.17468
1.17577
1.17688
1.17769
1.17804
1.17792
1.17745
1.17688
1.17644
1.17632
1.17656
1.17709
1.17774
1.17834
1.17876
1.17894
1.17891
1.17874
1.17853
1.17835
1.17825
1.17824
1.17822
1.17811
1.17773
1.17696
1.17565
1.17373
1.17122
1.16824
1.16505
1.16199
1.1595
1.15794
1.15758
1.15844
1.16035
1.16301
1.16601
1.16901
1.17172
1.17397
1.17566
1.17677
1.17733
1.17739
1.17705
1.17641
1.17563
1.17483
1.17418
1.1738
1.17379
1.17417
1.17489
1.17585
1.17691
1.17793
1.17878
1.17935
1.17956
1.17936
1.17875
1.17772
1.17634
1.17465
1.17277
1.17081
1.16888
1.16711
1.16555
1.16423
1.16313
1.16218
1.16134
1.16057
1.1599
1.15938
1.15912
1.15925
1.15985
1.16097
1.16259
1.1646
1.16685
1.16917
1.17139
1.17337
1.17503
1.17632
1.17723
1.17777
1.17799
1.17792
1.17764
1.17718
1.17663
1.17602
1.1754
1.17483
1.17433
1.17392
1.17361
1.17341
1.17332
1.17333
1.17344
1.17365
1.17397
1.17439
1.17492
1.17556
1.1763
1.17713
1.17803
1.17898
1.17996
1.18093
1.18188
1.18278
1.1836
1.18434
1.18498
1.18549
1.18589
1.18615
1.18627
1.18626
1.18611
1.18583
1.18541
1.18484
1.18412
1.18324
1.18218
1.18099
1.17972
1.17845
1.17728
1.1763
1.17559
1.17519
1.1751
1.17529
1.17576
1.17648
1.17741
1.17853
1.17978
1.18114
1.18259
1.18415
1.18585
1.18774
1.18986
1.19223
1.19485
1.19766
1.20057
1.20345
1.20614
1.20845
1.21022
1.21133
1.21172
1.21139
1.21045
1.20907
1.20747
1.20591
1.20455
1.20346
1.20254
1.20158
1.20029
1.19841
1.19575
1.19231
1.18821
1.18377
1.17938
1.17549
1.17246
1.17055
1.16984
1.17029
1.17175
1.17402
1.17685
1.17998
1.18321
1.1864
1.18944
1.1923
1.19494
1.19736
1.19954
1.20149
1.20321
1.20469
1.20594
1.20698
1.2078
1.20843
1.20886
1.2091
1.20912
1.20892
1.20847
1.20776
1.20677
1.20547
1.20385
1.20191
1.19966
1.19712
1.19435
1.19142
1.18845
1.18555
1.18283
1.18041
1.17839
1.17686
1.17593
1.17568
1.17619
1.17751
1.17962
1.18239
1.18566
1.18919
1.19278
1.19622
1.1994
1.20223
1.20468
1.20675
1.20844
1.20979
1.21081
1.21152
1.21194
1.21208
1.21195
1.21158
1.21099
1.21026
1.20946
1.20872
1.20814
1.20786
1.20795
1.20845
1.2093
1.21042
1.21167
1.21292
1.21404
1.21496
1.21564
1.21609
1.21634
1.21643
1.21639
1.21618
1.21571
1.2148
1.21323
1.21077
1.20737
1.2033
1.19938
1.19683
1.19682
1.19979
1.20515
1.2116
1.21783
1.22301
1.22684
1.22941
1.231
1.23193
1.23246
1.23276
1.23291
1.23294
1.23277
1.23235
1.23157
1.23033
1.2286
1.22635
1.22365
1.22064
1.21752
1.2145
1.21173
1.20931
1.20725
1.20549
1.20402
1.20287
1.20212
1.20178
1.20183
1.20215
1.20261
1.20311
1.2036
1.20403
1.20436
1.20456
1.20463
1.20467
1.20485
1.20543
1.20663
1.20862
1.2114
1.21486
1.21873
1.22271
1.22652
1.22993
1.23282
1.23513
1.23686
1.23807
1.23882
1.23917
1.23918
1.2389
1.23834
1.23747
1.23626
1.2346
1.23239
1.22945
1.22562
1.22069
1.2145
1.20698
1.19818
1.18841
1.17825
1.16859
1.16052
1.15507
1.15288
1.15392
1.15752
1.16263
1.16815
1.17326
1.17756
1.18096
1.18366
1.186
1.18832
1.19086
1.19374
1.19692
1.20021
1.20338
1.20618
1.2084
1.20991
1.21064
1.21058
1.20976
1.20824
1.20607
1.20335
1.20015
1.19659
1.19276
1.18878
1.18476
1.18079
1.17696
1.17334
1.17001
1.16712
1.16488
1.16355
1.16338
1.16447
1.16675
1.16991
1.17354
1.17722
1.18062
1.18354
1.1859
1.1877
1.189
1.18987
1.1904
1.19067
1.19073
1.19064
1.19045
1.1902
1.1899
1.18958
1.18927
1.18897
1.18871
1.1885
1.18835
1.18827
1.18826
1.18834
1.18849
1.18871
1.18898
1.18926
1.18954
1.18977
1.18991
1.18991
1.18971
1.18927
1.18855
1.18752
1.18616
1.1845
1.18256
1.1804
1.17812
1.17581
1.17359
1.17157
1.16982
1.16843
1.16747
1.167
1.16713
1.16794
1.16944
1.17158
1.17415
1.17687
1.17946
1.18165
1.18329
1.18433
1.18483
1.18498
1.18503
1.18526
1.1859
1.1871
1.18885
1.19102
1.19341
1.19578
1.19793
1.1997
1.20101
1.20178
1.20198
1.20158
1.20055
1.19889
1.19658
1.19367
1.19026
1.18656
1.1829
1.17972
