1.8
1.80001
1.80003
1.80005
1.80008
1.80011
1.80015
1.8002
1.80025
1.80031
1.80038
1.80045
1.80053
1.80061
1.8007
1.8008
1.80091
1.80102
1.80114
1.80127
1.8014
1.80154
1.80169
1.80185
1.80202
1.80219
1.80237
1.80256
1.80276
1.80297
1.80318
1.80341
1.80364
1.80388
1.80413
1.8044
1.80467
1.80495
1.80524
1.80555
1.80586
1.80619
1.80653
1.80688
1.80724
1.80762
1.80801
1.80841
1.80883
1.80926
1.80971
1.81018
1.81066
1.81116
1.81168
1.81221
1.81277
1.81335
1.81395
1.81457
1.81521
1.81588
1.81658
1.8173
1.81805
1.81883
1.81964
1.82049
1.82137
1.82228
1.82324
1.82423
1.82526
1.82635
1.82747
1.82865
1.82988
1.83117
1.83252
1.83392
1.8354
1.83694
1.83856
1.84026
1.84203
1.8439
1.84585
1.8479
1.85005
1.85231
1.85467
1.85715
1.85974
1.86244
1.86526
1.86819
1.87122
1.87435
1.87755
1.8808
1.88406
1.88728
1.8904
1.89331
1.89592
1.89807
1.89959
1.9003
1.9
1.89852
1.8958
1.89193
1.88722
1.88228
1.87794
1.87511
1.87452
1.87653
1.88102
1.88743
1.89494
1.90263
1.90965
1.91535
1.9194
1.92188
1.92331
1.92458
1.92673
1.93063
1.93661
1.94436
1.95307
1.96169
1.96927
1.97515
1.97903
1.98088
1.98094
1.97961
1.97737
1.97472
1.97204
1.96957
1.96738
1.96543
1.96363
1.96189
1.96009
1.95811
1.95589
1.9535
1.95126
1.94977
1.9497
1.95162
1.95575
1.96192
1.96968
1.97835
1.98727
1.99578
2.00333
2.00952
2.01411
2.017
2.01828
2.0182
2.01708
2.01537
2.01352
2.012
2.01118
2.01132
2.01252
2.01472
2.01772
2.02124
2.02494
2.02854
2.03178
2.03451
2.03666
2.03828
2.03946
2.04034
2.04106
2.04172
2.04238
2.04302
2.04362
2.04418
2.04469
2.04521
2.04578
2.04645
2.04724
2.04815
2.04912
2.0501
2.05106
2.05198
2.05287
2.05377
2.05475
2.05586
2.05719
2.05875
2.06058
2.06265
2.06491
2.06729
2.06971
2.07206
2.07424
2.07615
2.07771
2.07882
2.07942
2.07947
2.07893
2.07784
2.07628
2.0744
2.07237
2.07039
2.06865
2.06723
2.06607
2.06502
2.0638
2.06212
2.05974
2.05654
2.05259
2.04824
2.04409
2.04095
2.03968
2.04094
2.04496
2.05139
2.0594
2.06792
2.07584
2.08223
2.08634
2.08764
2.08584
2.08102
2.07383
2.06568
2.05865
2.05487
2.05562
2.06071
2.06869
2.07758
2.08559
2.09144
2.0943
2.09372
2.08953
2.08181
2.07096
2.05781
2.04372
2.03054
2.02032
2.01486
2.01515
2.02099
2.03114
2.04371
2.05678
2.06882
2.07891
2.08669
2.09222
2.09582
2.09792
2.09899
2.09943
2.09957
2.09964
2.09975
2.09998
2.10033
2.10076
2.10125
2.10178
2.10232
2.10287
2.10344
2.10401
2.1046
2.10518
2.10572
2.10616
2.10641
2.10635
2.10581
2.10458
2.10241
2.09905
2.09428
2.08802
2.08049
2.07227
2.06439
2.05808
2.05441
2.05375
2.05569
2.05926
2.06334
2.06709
2.07003
2.07203
2.07318
2.07372
2.07392
2.07401
2.07419
2.07456
2.07513
2.07583
2.07654
2.07711
2.07743
2.07744
2.07716
2.0767
2.0762
2.07585
2.07578
2.07603
2.07656
2.07726
2.07795
2.07847
2.07871
2.07861
2.07815
2.07742
2.07652
2.07556
2.07467
2.07396
2.07347
2.07324
2.07323
2.07341
2.07372
2.07412
2.07457
2.07507
2.07561
2.0762
2.07685
2.07757
2.07833
2.07909
2.0798
2.08035
2.08061
2.08043
2.07963
2.07801
2.07535
2.07145
2.06611
2.05926
2.05101
2.04172
2.03215
2.02341
2.01682
2.01363
2.01458
2.0197
2.02822
2.03889
2.05034
2.06142
2.07133
2.07961
2.08608
2.09072
2.09356
2.09466
2.09407
2.09182
2.088
2.08277
2.07648
2.06964
2.06292
2.05699
2.05233
2.04913
2.04722
2.04626
2.04592
2.04599
2.04645
2.04734
2.04869
2.05049
2.0526
2.05486
2.05707
2.05912
2.06095
2.06255
2.06395
2.06521
2.06638
2.06748
2.06853
2.06954
2.07049
2.07138
2.07219
2.07292
2.07356
2.07412
2.07459
2.075
2.07533
2.07562
2.07585
2.07605
2.07621
2.07633
2.07642
2.07645
2.07643
2.07632
2.07612
2.07579
2.07532
2.07468
2.07384
2.07277
2.07147
2.06993
2.06817
2.06625
2.06424
2.06225
2.06041
2.05884
2.05765
2.05688
2.05651
2.05646
2.05658
2.05673
2.05676
2.05655
2.05606
2.05529
2.05431
2.05321
2.05217
2.05133
2.05084
2.05084
2.05138
2.05246
2.054
2.05587
2.0579
2.0599
2.0617
2.06316
2.06421
2.06484
2.06509
2.06504
2.0648
2.06444
2.06402
2.06351
2.06285
2.06195
2.06074
2.05916
2.05724
2.05506
2.05278
2.05058
2.04866
2.04718
2.04626
2.0459
2.04603
2.0465
2.04711
1.80056
1.80112
1.80163
1.80216
1.80286
1.80388
1.80533
1.80719
1.80935
1.81165
1.81391
1.81596
1.81771
1.81906
1.81996
1.82039
1.82033
1.81983
1.81897
1.81789
1.81677
1.81578
1.81507
1.81475
1.81486
1.81542
1.81648
1.81808
1.82031
1.82319
1.82669
1.83069
1.83496
1.83923
1.84325
1.84678
1.84966
1.85175
1.85299
1.85332
1.85274
1.85128
1.84901
1.84608
1.8427
1.83914
1.83569
1.83262
1.83013
1.82834
1.82733
1.82709
1.82757
1.82863
1.83005
1.83151
1.83265
1.83311
1.83264
1.83109
1.82852
1.82518
1.82146
1.81787
1.8149
1.81297
1.81229
1.81283
1.81434
1.81639
1.81854
1.82041
1.82171
1.82236
1.82243
1.8221
1.82169
1.82146
1.82165
1.82229
1.82335
1.8247
1.82628
1.8281
1.83026
1.83284
1.83583
1.83912
1.84248
1.84563
1.84834
1.8504
1.85172
1.85225
1.852
1.851
1.8493
1.84694
1.84398
1.84045
1.83643
1.83202
1.82735
1.82264
1.81818
1.8143
1.81137
1.80966
1.80936
1.81043
1.81269
1.81581
1.81941
1.82314
1.82675
1.83004
1.83292
1.83536
1.83738
1.839
1.84026
1.84121
1.84188
1.84228
1.84244
1.84235
1.84201
1.84144
1.84066
1.8397
1.83864
1.83762
1.83678
1.83633
1.83643
1.83722
1.83874
1.84093
1.84362
1.84655
1.84942
1.8519
1.85368
1.85446
1.85394
1.8519
1.84822
1.84297
1.83651
1.82947
1.82268
1.81681
1.81219
1.80873
1.8064
1.80554
1.80694
1.81122
1.81821
1.82672
1.83503
1.84149
1.84488
1.84453
1.84028
1.83273
1.82348
1.8152
1.81089
1.81244
1.81952
1.83
1.8413
1.85156
1.8599
1.86615
1.87044
1.87303
1.87419
1.87415
1.87308
1.87117
1.86859
1.8655
1.86207
1.85851
1.85504
1.85194
1.8495
1.848
1.84765
1.84848
1.8504
1.85314
1.85635
1.85966
1.86278
1.86549
1.86763
1.86911
1.86986
1.86981
1.86891
1.86708
1.86432
1.86064
1.85619
1.8512
1.846
1.84096
1.8364
1.83254
1.82955
1.8276
1.82691
1.82768
1.83002
1.83379
1.83861
1.84396
1.84934
1.85436
1.85879
1.86254
1.86555
1.8678
1.86928
1.86996
1.86986
1.86901
1.86753
1.86562
1.86357
1.86171
1.86033
1.85964
1.85966
1.86027
1.86126
1.86243
1.86365
1.86488
1.8662
1.86767
1.86937
1.87124
1.87317
1.87494
1.87629
1.87701
1.87692
1.87598
1.87427
1.87199
1.86945
1.86701
1.86498
1.86351
1.86262
1.86217
1.86192
1.86164
1.86115
1.86036
1.85926
1.85792
1.85649
1.85512
1.854
1.85329
1.85312
1.85361
1.85481
1.85674
1.85934
1.86252
1.86606
1.86976
1.87334
1.87659
1.87932
1.8814
1.88275
1.88334
1.88319
1.88232
1.88077
1.87858
1.87581
1.87253
1.8688
1.86472
1.86039
1.85597
1.85163
1.8476
1.84416
1.84161
1.84023
1.84024
1.84169
1.84444
1.84818
1.85249
1.85692
1.86108
1.86468
1.86756
1.86964
1.87093
1.87149
1.87141
1.87077
1.86965
1.86813
1.86625
1.86406
1.8616
1.8589
1.85601
1.85299
1.84993
1.84691
1.84405
1.84148
1.8393
1.83759
1.83639
1.83567
1.83538
1.83546
1.8358
1.83633
1.83698
1.8377
1.83845
1.83921
1.83997
1.8407
1.8414
1.84206
1.84265
1.84319
1.84365
1.84404
1.84437
1.84465
1.84489
1.84512
1.84535
1.84561
1.84594
1.84635
1.84688
1.84755
1.84838
1.8494
1.8506
1.852
1.85359
1.85535
1.85724
1.85922
1.86124
1.86322
1.86506
1.86665
1.86786
1.8685
1.86837
1.86723
1.86477
1.86068
1.85465
1.84654
1.83655
1.82554
1.81523
1.8079
1.80548
1.80843
1.81539
1.82391
1.8317
1.83726
1.83992
1.83962
1.83671
1.83184
1.826
1.82054
1.81693
1.81633
1.81911
1.82474
1.83213
1.8401
1.84781
1.85488
1.8612
1.8668
1.87168
1.87578
1.87892
1.88095
1.88172
1.88116
1.87931
1.87634
1.87257
1.86845
1.86451
1.86127
1.85916
1.85836
1.85877
1.86012
1.862
1.86403
1.86592
1.86751
1.86872
1.8696
1.87021
1.87065
1.87104
1.87146
1.87197
1.87263
1.87344
1.8744
1.87551
1.87674
1.87808
1.87951
1.88101
1.88258
1.88418
1.88577
1.88732
1.88874
1.88997
1.89086
1.89125
1.8909
1.88951
1.88666
1.88186
1.8746
1.86447
1.85155
1.8368
1.82248
1.81185
1.80781
1.81122
1.82039
1.83224
1.84407
1.85429
1.86239
1.86842
1.87262
1.87527
1.87657
1.87672
1.87592
1.87437
1.87232
1.87001
1.8677
1.86559
1.86388
1.86266
1.86197
1.86178
1.86198
1.86246
1.86311
1.86383
1.86455
1.86522
1.86585
1.86642
1.86694
1.86743
1.86786
1.86824
1.86854
1.86874
1.86882
1.86876
1.86851
1.86806
1.86737
1.86641
1.86516
1.86358
1.86164
1.85932
1.79741
1.79428
1.79074
1.78678
1.78242
1.77768
1.77262
1.7673
1.76183
1.75636
1.75106
1.74612
1.74175
1.7381
1.73529
1.73337
1.73228
1.73191
1.7321
1.73264
1.73338
1.7342
1.73502
1.73586
1.73671
1.73759
1.73846
1.73921
1.73971
1.73977
1.73931
1.73829
1.73683
1.7352
1.73373
1.73277
1.73257
1.73319
1.73452
1.73627
1.73812
1.73976
1.74098
1.74164
1.74172
1.74123
1.74023
1.7388
1.73702
1.73494
1.73262
1.73006
1.72724
1.72411
1.72059
1.71657
1.712
1.70686
1.70125
1.69545
1.68994
1.68544
1.68275
1.68254
1.6851
1.69014
1.69693
1.70453
1.71209
1.71903
1.72502
1.72999
1.73398
1.73709
1.73941
1.74101
1.74193
1.74213
1.74154
1.74003
1.73743
1.73357
1.72826
1.72141
1.71306
1.70348
1.69322
1.68312
1.67417
1.66729
1.66311
1.66179
1.66307
1.66641
1.67121
1.67694
1.68321
1.68971
1.6962
1.70244
1.7082
1.71327
1.71743
1.72052
1.72241
1.72307
1.72258
1.72115
1.71916
1.71708
1.71538
1.71442
1.71425
1.7147
1.71539
1.716
1.71635
1.7165
1.71676
1.7175
1.71901
1.72136
1.72431
1.72742
1.73017
1.73205
1.73274
1.7321
1.73019
1.72731
1.72395
1.72075
1.71837
1.71744
1.71829
1.721
1.72527
1.73062
1.73648
1.74233
1.74776
1.75254
1.75652
1.75968
1.76206
1.7637
1.76467
1.76505
1.7649
1.7643
1.76332
1.76205
1.76059
1.75904
1.7575
1.75603
1.75468
1.75344
1.75226
1.75108
1.74985
1.74864
1.74765
1.74727
1.74798
1.7502
1.75411
1.75942
1.76539
1.77098
1.77507
1.77679
1.7757
1.77199
1.76661
1.76113
1.75724
1.75596
1.75721
1.75994
1.76287
1.76508
1.7662
1.76629
1.76559
1.76431
1.76255
1.76034
1.75768
1.75472
1.75176
1.74926
1.74775
1.74759
1.74888
1.75142
1.75476
1.75848
1.76228
1.76603
1.76973
1.77339
1.7769
1.7801
1.78279
1.78482
1.78617
1.78695
1.78735
1.78759
1.78786
1.78825
1.78877
1.78934
1.78985
1.79018
1.79022
1.7899
1.7892
1.78813
1.78675
1.78512
1.78336
1.78159
1.77997
1.77863
1.7777
1.77728
1.77742
1.77812
1.77932
1.78093
1.78286
1.78499
1.78722
1.78945
1.7916
1.79358
1.79533
1.79676
1.79776
1.79824
1.79807
1.79715
1.79537
1.79266
1.789
1.78446
1.77924
1.77367
1.7682
1.7634
1.75986
1.75812
1.7585
1.76105
1.76548
1.77121
1.77748
1.78354
1.78875
1.79265
1.795
1.79582
1.79529
1.7938
1.79191
1.79024
1.78935
1.78966
1.79127
1.79402
1.79755
1.8014
1.80519
1.80863
1.81159
1.81401
1.81592
1.81737
1.81843
1.81919
1.81969
1.82001
1.82018
1.82026
1.82027
1.82026
1.82025
1.82024
1.82026
1.82027
1.82025
1.82017
1.81997
1.8196
1.819
1.81815
1.81703
1.81566
1.81408
1.81241
1.81078
1.80933
1.80822
1.80759
1.80749
1.80789
1.80866
1.80958
1.81042
1.811
1.81126
1.81129
1.81132
1.81164
1.81254
1.81418
1.8166
1.8196
1.82287
1.82598
1.82852
1.83014
1.83056
1.82963
1.82729
1.82358
1.81859
1.81249
1.80548
1.79775
1.78952
1.7811
1.77299
1.76595
1.76083
1.75821
1.75804
1.75961
1.76205
1.76474
1.76765
1.77111
1.77548
1.78085
1.78701
1.79354
1.79997
1.8059
1.81105
1.81527
1.81851
1.82082
1.82228
1.82299
1.82308
1.82265
1.82177
1.82049
1.81884
1.81682
1.8144
1.81153
1.80816
1.8042
1.79957
1.79419
1.78802
1.7811
1.77363
1.76594
1.7586
1.75227
1.7476
1.745
1.74457
1.74603
1.74889
1.75261
1.75671
1.76083
1.76474
1.76826
1.77133
1.77392
1.77609
1.77793
1.77958
1.78116
1.78278
1.7845
1.7863
1.78814
1.78995
1.79165
1.79317
1.7945
1.79561
1.79654
1.79733
1.79803
1.79872
1.79945
1.80028
1.80126
1.80241
1.80372
1.80518
1.80675
1.80836
1.80992
1.81134
1.8125
1.81325
1.81345
1.81294
1.81157
1.80922
1.80583
1.80141
1.79605
1.78997
1.78344
1.77689
1.77086
1.76608
1.76339
1.76367
1.76745
1.77478
1.78506
1.79726
1.81018
1.82275
1.83418
1.84396
1.85186
1.85782
1.86189
1.86416
1.86475
1.86377
1.86135
1.85762
1.85273
1.84687
1.84029
1.83332
1.82641
1.82019
1.81546
1.81309
1.81377
1.81779
1.82476
1.83372
1.84341
1.85266
1.86058
1.86674
1.87105
1.87373
1.87515
1.87577
1.87603
1.87628
1.87674
1.87752
1.87857
1.87981
1.8811
1.8823
1.88333
1.88411
1.8846
1.88473
1.88446
1.88366
1.88221
1.87993
1.87667
1.87234
1.867
1.86099
1.85496
1.8499
1.84688
1.84675
1.84976
1.85549
1.86302
1.87127
1.87932
1.88651
1.89247
1.89707
1.90035
1.90246
1.90359
1.80029
1.80014
1.7997
1.79912
1.79853
1.79801
1.79763
1.7974
1.79732
1.79735
1.79743
1.79748
1.79739
1.79703
1.79627
1.79498
1.79307
1.79048
1.78726
1.78359
1.77978
1.77631
1.77372
1.77247
1.77281
1.77466
1.77768
1.78136
1.78518
1.78871
1.79165
1.79383
1.79519
1.79578
1.79569
1.79504
1.79399
1.79267
1.79115
1.78943
1.78743
1.78504
1.78218
1.7789
1.77549
1.77246
1.77044
1.76998
1.7713
1.77417
1.77806
1.78228
1.78624
1.78955
1.79202
1.79362
1.79442
1.7945
1.79396
1.79285
1.79121
1.78906
1.78641
1.78333
1.77992
1.77636
1.77292
1.76989
1.76755
1.76614
1.76574
1.76633
1.76774
1.76972
1.77199
1.77426
1.77631
1.77795
1.7791
1.77969
1.77973
1.77925
1.77831
1.777
1.77542
1.77365
1.7718
1.76994
1.76815
1.76647
1.76492
1.76351
1.76221
1.761
1.75985
1.75872
1.7576
1.75646
1.7553
1.7541
1.75287
1.75161
1.75035
1.7491
1.7479
1.74678
1.74578
1.74493
1.74426
1.74379
1.74351
1.74342
1.74349
1.74367
1.74394
1.74424
1.74455
1.74484
1.74507
1.74522
1.74529
1.74526
1.74512
1.74485
1.74446
1.74392
1.74322
1.74233
1.74123
1.73988
1.73824
1.73627
1.73393
1.73119
1.72804
1.72451
1.72066
1.71662
1.71255
1.70864
1.70507
1.70196
1.69939
1.69741
1.69608
1.69556
1.69607
1.69788
1.70113
1.70583
1.71172
1.71839
1.72536
1.73219
1.73857
1.74427
1.74922
1.75339
1.75683
1.75959
1.76175
1.76339
1.76455
1.76527
1.76558
1.76544
1.76481
1.76357
1.76157
1.75859
1.75436
1.7486
1.7411
1.73188
1.7214
1.71075
1.70157
1.6956
1.69387
1.69621
1.70139
1.70787
1.71443
1.7204
1.72558
1.73004
1.73389
1.73725
1.74018
1.74271
1.74484
1.74656
1.74786
1.74874
1.7492
1.74925
1.7489
1.74813
1.74695
1.74532
1.74324
1.74067
1.73763
1.73412
1.73021
1.72602
1.72173
1.71759
1.71388
1.71089
1.70884
1.70779
1.70764
1.7081
1.70878
1.70934
1.70954
1.70938
1.70909
1.70911
1.70993
1.71195
1.71529
1.71977
1.72496
1.73034
1.73543
1.73991
1.74361
1.74649
1.74863
1.75014
1.75116
1.75182
1.75224
1.75249
1.7526
1.75256
1.75234
1.75189
1.75114
1.75004
1.74855
1.74661
1.74421
1.74132
1.73792
1.73402
1.72964
1.72484
1.71976
1.71462
1.70977
1.70562
1.70261
1.70104
1.70105
1.70252
1.70522
1.70885
1.7132
1.71811
1.72344
1.72902
1.73465
1.74008
1.74509
1.74952
1.75329
1.7564
1.7589
1.76087
1.76241
1.76362
1.76456
1.76529
1.76587
1.76633
1.76667
1.7669
1.76703
1.76702
1.76688
1.76656
1.76606
1.76535
1.7644
1.76322
1.76178
1.7601
1.75821
1.75614
1.75394
1.75167
1.7494
1.74718
1.74506
1.74306
1.74115
1.73928
1.73738
1.73532
1.733
1.73038
1.7275
1.72454
1.72187
1.71994
1.71919
1.7199
1.72204
1.72535
1.72938
1.73366
1.73784
1.74165
1.74498
1.74775
1.74996
1.75159
1.75263
1.75305
1.75283
1.75196
1.7505
1.74858
1.74644
1.74438
1.74271
1.74166
1.74126
1.7413
1.74142
1.74119
1.74022
1.73828
1.73535
1.73161
1.72746
1.72336
1.71979
1.71704
1.71522
1.71421
1.71378
1.71373
1.7139
1.71428
1.71494
1.71594
1.71735
1.71915
1.72125
1.72354
1.72586
1.72806
1.73003
1.73167
1.73293
1.73379
1.73427
1.73442
1.73431
1.73399
1.73354
1.73301
1.73241
1.73175
1.73098
1.73006
1.72889
1.72739
1.72547
1.72308
1.72019
1.71687
1.71325
1.70961
1.70628
1.70366
1.70207
1.70172
1.70259
1.70445
1.70695
1.70971
1.71237
1.7147
1.71655
1.71788
1.71871
1.71911
1.71914
1.71889
1.71844
1.71784
1.71714
1.71633
1.71544
1.71444
1.71334
1.71211
1.71077
1.70935
1.70787
1.7064
1.70499
1.70368
1.70252
1.70153
1.70069
1.69997
1.69933
1.6987
1.69799
1.69715
1.69609
1.69477
1.69316
1.69124
1.68903
1.68656
1.68391
1.6812
1.67859
1.6763
1.67455
1.67356
1.67348
1.67439
1.6763
1.67911
1.68268
1.68682
1.6913
1.69589
1.70031
1.70431
1.70763
1.71003
1.71133
1.71137
1.71009
1.7076
1.7042
1.70048
1.69727
1.69541
1.6955
1.69757
1.7011
1.70516
1.70872
1.71093
1.71119
1.70918
1.70489
1.69863
1.69116
1.6837
1.67772
1.67454
1.67482
1.67834
1.68418
1.69115
1.69824
1.70471
1.71021
1.71459
1.71789
1.72023
1.72179
1.72277
1.72334
1.72368
1.72393
1.7242
1.72455
1.72501
1.72559
1.72626
1.72698
1.72771
1.72839
1.729
1.7295
1.72985
1.73001
1.72994
1.72959
1.72891
1.72785
1.72645
1.72479
1.72306
1.72153
1.72049
1.72016
1.72063
1.80113
1.80254
1.80376
1.80444
1.8044
1.80363
1.80228
1.8005
1.79838
1.79593
1.79317
1.79028
1.78773
1.78619
1.78631
1.7884
1.79232
1.79751
1.80331
1.80909
1.81438
1.81885
1.82232
1.82474
1.82616
1.82671
1.82663
1.82617
1.82561
1.82519
1.82509
1.82539
1.82609
1.82708
1.82817
1.82915
1.82981
1.82994
1.82937
1.82801
1.82585
1.82299
1.81967
1.81625
1.81322
1.81105
1.81006
1.81037
1.81179
1.81392
1.81629
1.81843
1.82002
1.82085
1.82087
1.82014
1.81883
1.81716
1.81541
1.81383
1.81265
1.81196
1.81177
1.81198
1.81242
1.8129
1.81324
1.81327
1.81282
1.81171
1.80974
1.80673
1.8025
1.79701
1.7904
1.78309
1.7759
1.76992
1.76632
1.76595
1.769
1.77495
1.7828
1.79144
1.79994
1.80765
1.81422
1.8195
1.8235
1.8263
1.82801
1.82877
1.8287
1.82793
1.82652
1.82451
1.8219
1.81859
1.81443
1.80926
1.80299
1.79585
1.78857
1.78246
1.77902
1.77914
1.78242
1.78724
1.79162
1.79409
1.7943
1.79288
1.79115
1.79043
1.79152
1.79447
1.7987
1.80349
1.80817
1.81233
1.8157
1.8181
1.8194
1.81954
1.8186
1.81679
1.81451
1.81224
1.81051
1.80976
1.81025
1.81203
1.81495
1.81866
1.82265
1.8263
1.82896
1.83002
1.82903
1.82573
1.82018
1.81286
1.80474
1.79728
1.79222
1.79109
1.79458
1.80228
1.81277
1.82422
1.83494
1.84372
1.84983
1.85292
1.85293
1.84997
1.84448
1.83725
1.82956
1.823
1.81895
1.81794
1.81943
1.82203
1.82425
1.82503
1.82403
1.82162
1.8187
1.81635
1.81547
1.81637
1.81877
1.82195
1.82518
1.82788
1.82983
1.831
1.83154
1.83164
1.83148
1.83122
1.83098
1.83089
1.83102
1.83144
1.83221
1.83332
1.83475
1.83643
1.83829
1.84024
1.84217
1.84402
1.84569
1.84712
1.84827
1.84909
1.84956
1.84966
1.84941
1.84883
1.84796
1.84685
1.84555
1.84411
1.84255
1.84087
1.83903
1.83697
1.83461
1.83193
1.8289
1.82561
1.82213
1.81859
1.81505
1.81152
1.80796
1.80436
1.80083
1.79762
1.79516
1.79393
1.79433
1.79657
1.80058
1.806
1.81233
1.81899
1.82543
1.83126
1.83623
1.84025
1.84334
1.84559
1.84707
1.84782
1.84785
1.8471
1.84549
1.84292
1.8393
1.83461
1.8289
1.82239
1.81552
1.80891
1.80325
1.79912
1.79672
1.79585
1.79602
1.79665
1.79731
1.79777
1.79807
1.79839
1.79905
1.80033
1.80245
1.80544
1.80914
1.81324
1.81737
1.82115
1.82431
1.82666
1.82812
1.82865
1.82826
1.82699
1.82489
1.82201
1.8184
1.81408
1.80895
1.80281
1.79524
1.78564
1.77342
1.75839
1.74144
1.72528
1.7141
1.71166
1.7187
1.73245
1.74877
1.76445
1.77794
1.78889
1.79753
1.80423
1.80932
1.81309
1.81572
1.81732
1.81794
1.81759
1.81626
1.81395
1.81078
1.80703
1.80319
1.79994
1.79802
1.79801
1.80005
1.80383
1.80869
1.81388
1.81875
1.82287
1.82605
1.82821
1.82942
1.82975
1.8293
1.82816
1.82642
1.82415
1.82146
1.81843
1.81521
1.81195
1.80885
1.80612
1.80395
1.80244
1.80166
1.80155
1.80202
1.80295
1.80422
1.80571
1.80737
1.80919
1.8112
1.81347
1.81603
1.81883
1.82172
1.82448
1.82685
1.82858
1.82953
1.82959
1.82878
1.82719
1.825
1.82243
1.81972
1.81713
1.81489
1.81314
1.81197
1.81139
1.81132
1.81166
1.81231
1.81318
1.81422
1.81545
1.81691
1.81865
1.82067
1.82294
1.82535
1.82775
1.82998
1.83188
1.83333
1.83425
1.83462
1.83442
1.83369
1.83246
1.83079
1.82875
1.82639
1.82374
1.82079
1.81745
1.8136
1.80909
1.80381
1.7978
1.79122
1.78446
1.77805
1.77263
1.7688
1.76696
1.76722
1.76935
1.77284
1.77707
1.78144
1.78548
1.78892
1.79164
1.79361
1.79491
1.7956
1.79574
1.79537
1.79448
1.79304
1.79104
1.78848
1.78541
1.78196
1.77837
1.77489
1.77182
1.7694
1.76777
1.76694
1.76687
1.76743
1.76852
1.77003
1.77184
1.77382
1.77582
1.77765
1.77913
1.78008
1.78037
1.7799
1.77863
1.77658
1.77384
1.77062
1.76717
1.76383
1.76092
1.75871
1.75732
1.75674
1.75682
1.75732
1.75797
1.75852
1.75876
1.7585
1.75757
1.75583
1.75316
1.74952
1.74493
1.7395
1.7335
1.72733
1.72148
1.71653
1.71304
1.71143
1.71189
1.71433
1.71841
1.72359
1.72927
1.73492
1.74012
1.74461
1.74825
1.75102
1.75297
1.7542
1.75479
1.75484
1.75444
1.75363
1.75244
1.75085
1.74878
1.74614
1.74274
1.73837
1.7328
1.72587
1.71765
1.70863
1.6999
1.69306
1.68975
1.69086
1.69602
1.70381
1.71238
1.72021
1.72626
1.72997
1.73109
1.72958
1.72562
1.71975
1.71293
1.79373
1.78867
1.78578
1.78496
1.78575
1.78786
1.79137
1.79648
1.80307
1.81048
1.81781
1.82428
1.82945
1.83326
1.83595
1.83784
1.83928
1.84054
1.84177
1.84303
1.84431
1.84551
1.84655
1.84734
1.84778
1.84779
1.84732
1.84632
1.84478
1.8427
1.8401
1.83703
1.83358
1.82989
1.82616
1.82266
1.81971
1.81764
1.81673
1.81717
1.81899
1.82205
1.82609
1.83074
1.8356
1.8403
1.84454
1.84806
1.85073
1.85247
1.85328
1.85322
1.85241
1.85099
1.84906
1.84661
1.84348
1.83931
1.83358
1.82575
1.81554
1.80335
1.79078
1.78086
1.77708
1.78135
1.79255
1.80724
1.82187
1.83421
1.84358
1.85022
1.85472
1.85773
1.85977
1.8612
1.86227
1.86313
1.86385
1.86447
1.865
1.86544
1.86576
1.86596
1.86601
1.86591
1.86562
1.86515
1.86447
1.86357
1.86244
1.86107
1.85947
1.85763
1.85558
1.85333
1.85091
1.84836
1.84574
1.84311
1.84057
1.83822
1.83616
1.83451
1.83334
1.83272
1.83272
1.83337
1.83473
1.83683
1.83965
1.8431
1.84696
1.85099
1.85485
1.85823
1.86079
1.86217
1.86199
1.85986
1.85542
1.84851
1.83954
1.82975
1.8213
1.8166
1.81702
1.82207
1.82968
1.83753
1.84396
1.84827
1.85048
1.851
1.85035
1.84905
1.84751
1.84596
1.84443
1.84279
1.84082
1.83834
1.83536
1.83207
1.82889
1.8263
1.82472
1.82441
1.82536
1.82738
1.83013
1.83326
1.83652
1.83972
1.84282
1.84587
1.84891
1.852
1.85515
1.85829
1.86135
1.86423
1.86686
1.86917
1.87114
1.87278
1.87411
1.87518
1.87602
1.87668
1.87721
1.87762
1.87793
1.87815
1.87827
1.87827
1.87812
1.87778
1.8772
1.87634
1.87516
1.87365
1.87181
1.86963
1.86707
1.864
1.86004
1.85453
1.84656
1.83533
1.82114
1.80655
1.79663
1.79634
1.80642
1.82255
1.83885
1.85143
1.8591
1.86234
1.86222
1.85984
1.85614
1.85183
1.84739
1.84307
1.83887
1.83459
1.8299
1.8246
1.8189
1.81373
1.81063
1.81111
1.81575
1.82361
1.83272
1.84105
1.84723
1.85074
1.85178
1.85098
1.84917
1.8472
1.84573
1.84509
1.84523
1.8458
1.84633
1.8464
1.84572
1.84414
1.8417
1.83855
1.8349
1.83107
1.82742
1.8244
1.82244
1.82193
1.82307
1.82579
1.82977
1.8345
1.83945
1.84413
1.84821
1.85149
1.85386
1.85531
1.85584
1.85548
1.85423
1.85209
1.84907
1.84512
1.84022
1.83432
1.82745
1.81971
1.81147
1.80347
1.79678
1.7926
1.79174
1.7942
1.79916
1.80533
1.81157
1.81714
1.82178
1.82551
1.82854
1.83108
1.8333
1.83529
1.83709
1.83868
1.84002
1.84106
1.84174
1.84205
1.84198
1.84154
1.84077
1.83975
1.83857
1.83734
1.83618
1.8352
1.83449
1.83408
1.83397
1.8341
1.83434
1.83452
1.83447
1.83398
1.83288
1.83103
1.82834
1.82486
1.82071
1.81617
1.81164
1.80756
1.80441
1.80253
1.80207
1.80299
1.80502
1.80777
1.81082
1.81375
1.81625
1.81811
1.81922
1.81958
1.81927
1.81838
1.81709
1.81554
1.81388
1.81222
1.81064
1.80919
1.80786
1.80664
1.8055
1.80439
1.80325
1.80204
1.80073
1.79928
1.79771
1.79607
1.79446
1.79301
1.79188
1.7912
1.79109
1.79159
1.79268
1.79425
1.79616
1.79823
1.80029
1.8022
1.80383
1.80513
1.80604
1.80654
1.80665
1.80637
1.80574
1.80478
1.80354
1.80207
1.8004
1.79862
1.79678
1.79497
1.79326
1.79175
1.79048
1.7895
1.78879
1.78831
1.78796
1.78762
1.7872
1.7866
1.78579
1.78479
1.7837
1.78267
1.78185
1.78141
1.78147
1.78209
1.78323
1.78484
1.7868
1.78899
1.79127
1.79354
1.79569
1.79764
1.79933
1.80071
1.80175
1.80243
1.80276
1.80276
1.80245
1.80186
1.80102
1.79996
1.79871
1.7973
1.7958
1.79432
1.79305
1.79225
1.79217
1.79305
1.79499
1.79793
1.80166
1.80585
1.81019
1.81439
1.81827
1.82171
1.82468
1.82719
1.82929
1.83102
1.83244
1.8336
1.83454
1.83528
1.83587
1.83633
1.83667
1.8369
1.83705
1.8371
1.83707
1.83693
1.83667
1.83624
1.83562
1.83475
1.8336
1.83213
1.83034
1.82825
1.82595
1.82355
1.82122
1.81913
1.81748
1.81643
1.81608
1.81649
1.81764
1.8195
1.82203
1.82515
1.82883
1.83301
1.83759
1.84245
1.84742
1.8523
1.85687
1.86095
1.86436
1.86699
1.86881
1.86985
1.87022
1.87006
1.86958
1.86898
1.86841
1.86797
1.86769
1.86749
1.86728
1.86693
1.86633
1.8654
1.86412
1.86251
1.86066
1.85871
1.85682
1.8552
1.85404
1.85349
1.85368
1.85462
1.85625
1.85843
1.861
1.86373
1.86644
1.86893
1.87107
1.8727
1.87371
1.87399
1.87345
1.87201
1.86958
1.86614
1.86165
1.85618
1.79396
1.78701
1.77977
1.77268
1.76624
1.76102
1.75751
1.75609
1.75688
1.75972
1.76419
1.76972
1.77568
1.78153
1.78692
1.79165
1.79568
1.79906
1.80188
1.80423
1.80617
1.80774
1.80894
1.8098
1.8103
1.81046
1.81029
1.80983
1.80909
1.80811
1.80688
1.80543
1.80375
1.80182
1.79962
1.7971
1.79423
1.791
1.78741
1.78354
1.77952
1.77558
1.77201
1.76913
1.76725
1.76658
1.76721
1.76905
1.77189
1.7754
1.77923
1.78305
1.78658
1.78964
1.79214
1.79405
1.79538
1.79622
1.79664
1.79677
1.79671
1.79659
1.79654
1.79668
1.79709
1.79786
1.79902
1.80055
1.80241
1.8045
1.80669
1.80882
1.81071
1.8122
1.81311
1.8133
1.81267
1.81121
1.80901
1.80636
1.80371
1.80169
1.801
1.80216
1.80537
1.81038
1.8166
1.82327
1.8297
1.83531
1.83975
1.84283
1.84453
1.84493
1.84425
1.84285
1.84116
1.8397
1.83894
1.83922
1.84065
1.8431
1.8462
1.84946
1.85239
1.85456
1.85571
1.85582
1.85515
1.85418
1.85352
1.85378
1.85532
1.85816
1.86197
1.86626
1.87054
1.87445
1.87776
1.88037
1.88222
1.88324
1.88335
1.88248
1.88057
1.87767
1.87394
1.86968
1.86533
1.86139
1.85841
1.85679
1.85677
1.85836
1.86134
1.86534
1.86995
1.87476
1.87944
1.88373
1.8874
1.8903
1.89229
1.89326
1.89316
1.89196
1.88972
1.88655
1.88265
1.87835
1.87402
1.87013
1.86713
1.86544
1.86534
1.86693
1.87008
1.87449
1.8797
1.88517
1.89035
1.89471
1.89784
1.89935
1.89897
1.89649
1.89181
1.88501
1.87655
1.8673
1.85862
1.85206
1.84885
1.84944
1.85339
1.85969
1.86721
1.87505
1.88263
1.88962
1.89583
1.90116
1.90554
1.90892
1.91126
1.91252
1.91263
1.91148
1.90892
1.90478
1.89899
1.89168
1.88338
1.87507
1.86806
1.86357
1.86219
1.86362
1.86685
1.87076
1.87449
1.87766
1.88021
1.88233
1.88422
1.88608
1.88801
1.89002
1.89206
1.89403
1.89579
1.8972
1.89814
1.8985
1.89824
1.89734
1.89584
1.89385
1.89154
1.88911
1.88678
1.88477
1.88323
1.88225
1.88178
1.88171
1.88184
1.88196
1.88188
1.88145
1.88062
1.87937
1.87775
1.87584
1.87377
1.87168
1.86982
1.86843
1.86776
1.86798
1.86914
1.87112
1.87371
1.87666
1.87971
1.88262
1.88519
1.88721
1.88841
1.8885
1.88709
1.88378
1.87816
1.87002
1.85967
1.84831
1.83815
1.83181
1.83098
1.83538
1.84297
1.85124
1.8584
1.8637
1.86717
1.8692
1.87025
1.87067
1.87064
1.87015
1.86907
1.86718
1.86428
1.86033
1.85552
1.85042
1.84588
1.84287
1.84208
1.84367
1.84721
1.85188
1.8568
1.8612
1.86455
1.86653
1.86695
1.86581
1.86322
1.85946
1.85497
1.85034
1.8462
1.84311
1.84142
1.84118
1.84216
1.84393
1.84603
1.84808
1.84984
1.85126
1.85241
1.85352
1.85483
1.85655
1.85884
1.8617
1.86505
1.86869
1.87236
1.87578
1.87867
1.88077
1.88181
1.88156
1.87977
1.87616
1.87043
1.86227
1.85146
1.83799
1.82237
1.80582
1.79041
1.77857
1.7723
1.77224
1.77741
1.78585
1.79563
1.8055
1.81504
1.82435
1.8337
1.84329
1.85307
1.86271
1.87168
1.87942
1.88552
1.88976
1.89217
1.89288
1.89214
1.8902
1.88729
1.88366
1.8795
1.875
1.87034
1.86567
1.86111
1.85673
1.85258
1.84872
1.8453
1.84255
1.84079
1.84031
1.84125
1.84351
1.84678
1.85066
1.85475
1.85875
1.86252
1.86603
1.8693
1.87238
1.87529
1.87797
1.88036
1.88234
1.8838
1.88461
1.88467
1.88391
1.88233
1.87999
1.87705
1.87374
1.87035
1.86715
1.86433
1.86194
1.85991
1.85809
1.85626
1.85425
1.85194
1.84924
1.84615
1.84275
1.8392
1.83582
1.83301
1.83127
1.83103
1.83254
1.83578
1.84041
1.84593
1.85174
1.85733
1.86229
1.86634
1.86929
1.871
1.87131
1.87003
1.86695
1.86182
1.85445
1.84482
1.83333
1.82103
1.8097
1.80148
1.79791
1.79917
1.80401
1.81062
1.81755
1.82408
1.8301
1.83579
1.84124
1.84639
1.851
1.85479
1.85753
1.85912
1.85963
1.85922
1.85819
1.85684
1.8555
1.85442
1.8538
1.85376
1.85431
1.8554
1.85693
1.85876
1.86076
1.86279
1.86474
1.86651
1.86802
1.8692
1.87001
1.87038
1.87027
1.86963
1.86843
1.86661
1.86415
1.86103
1.85727
1.85295
1.84821
1.84329
1.83856
1.83443
1.83138
1.82978
1.82986
1.83156
1.83463
1.83861
1.84296
1.84719
1.85088
1.85373
1.85556
1.85633
1.85608
1.85497
1.85323
1.85116
1.8491
1.84739
1.84633
1.84615
1.84694
1.84867
1.85117
1.85421
1.85752
1.86081
1.86385
1.86644
1.86845
1.86977
1.87033
1.87011
1.86917
1.86761
1.86567
1.79816
1.79666
1.796
1.79648
1.79818
1.80095
1.80447
1.8083
1.81203
1.81534
1.81801
1.81994
1.82114
1.82166
1.82164
1.82124
1.82064
1.82002
1.81954
1.81928
1.81928
1.81952
1.8199
1.82032
1.82062
1.82069
1.82037
1.81957
1.81818
1.81609
1.81319
1.80938
1.80453
1.79858
1.79163
1.7841
1.77687
1.7713
1.76883
1.7704
1.77587
1.78413
1.79361
1.80291
1.81115
1.81796
1.82329
1.82726
1.83007
1.83187
1.83281
1.83301
1.83255
1.83153
1.83003
1.82814
1.82597
1.82362
1.82123
1.81894
1.81687
1.81513
1.81381
1.81294
1.81249
1.8124
1.81258
1.81295
1.81345
1.81402
1.81464
1.81533
1.81608
1.81688
1.8177
1.81852
1.81926
1.81986
1.82027
1.82046
1.8204
1.82013
1.81969
1.81919
1.81872
1.8184
1.81832
1.81855
1.81911
1.81997
1.82104
1.82221
1.82335
1.82436
1.82518
1.82578
1.82621
1.82657
1.82698
1.82753
1.82828
1.82925
1.83037
1.83153
1.83261
1.83348
1.83401
1.8341
1.83367
1.83265
1.83104
1.82891
1.82642
1.82383
1.82151
1.81984
1.81918
1.81972
1.82145
1.82413
1.82736
1.83068
1.83371
1.83628
1.83844
1.84045
1.84264
1.84533
1.84865
1.8525
1.85662
1.86068
1.8644
1.86759
1.8702
1.87225
1.87383
1.87505
1.87597
1.87664
1.87704
1.87711
1.87676
1.87588
1.87435
1.87208
1.86903
1.86522
1.86071
1.85566
1.85028
1.84484
1.83964
1.83502
1.83126
1.82861
1.82719
1.82699
1.82787
1.82955
1.83173
1.83413
1.83653
1.83886
1.84113
1.84347
1.846
1.84877
1.85173
1.8547
1.85743
1.85966
1.8612
1.86193
1.86183
1.86091
1.85925
1.85699
1.85428
1.85137
1.84855
1.84616
1.84455
1.84399
1.84459
1.84633
1.849
1.85231
1.85594
1.85962
1.86314
1.86635
1.86917
1.87154
1.87338
1.87462
1.87516
1.87487
1.87358
1.87112
1.86741
1.86246
1.85657
1.85035
1.8447
1.8406
1.83875
1.83928
1.84166
1.84503
1.84856
1.8517
1.85423
1.85622
1.85787
1.85943
1.8611
1.863
1.86514
1.86746
1.86984
1.87213
1.87422
1.87599
1.8774
1.8784
1.87898
1.87916
1.87894
1.87835
1.8774
1.87608
1.87441
1.87236
1.8699
1.86701
1.86366
1.85984
1.85558
1.85094
1.84605
1.84114
1.83651
1.83251
1.82955
1.82796
1.82797
1.82962
1.83275
1.83698
1.84187
1.84691
1.85164
1.85571
1.85886
1.8609
1.86177
1.86145
1.86006
1.8578
1.85501
1.85212
1.8496
1.84782
1.84696
1.8469
1.84725
1.84752
1.84724
1.84612
1.84413
1.84158
1.83898
1.83699
1.8361
1.83652
1.83801
1.84004
1.84199
1.84334
1.84377
1.8432
1.84171
1.83944
1.8366
1.83334
1.82978
1.82601
1.82208
1.81803
1.81396
1.81
1.80639
1.80343
1.80143
1.80061
1.80109
1.80276
1.80539
1.8086
1.81201
1.81526
1.81801
1.82
1.82101
1.82084
1.81935
1.81642
1.8121
1.80658
1.80034
1.79411
1.78877
1.78509
1.78342
1.78361
1.78518
1.78766
1.79084
1.79479
1.79965
1.80541
1.81179
1.81836
1.82465
1.83031
1.83515
1.83913
1.84227
1.84468
1.84642
1.84759
1.84822
1.84836
1.84801
1.84719
1.84588
1.84409
1.84183
1.83913
1.8361
1.83296
1.83008
1.82794
1.82704
1.82767
1.82979
1.83296
1.83651
1.83972
1.842
1.84299
1.84258
1.84088
1.83816
1.83481
1.83128
1.82801
1.82531
1.82332
1.82197
1.82104
1.82028
1.81964
1.81935
1.82
1.82231
1.82682
1.83355
1.84189
1.85087
1.85945
1.86681
1.87246
1.87618
1.87801
1.87809
1.87666
1.87403
1.87053
1.86651
1.86234
1.85836
1.85485
1.85207
1.85016
1.84917
1.84903
1.84951
1.85032
1.85108
1.85149
1.85134
1.85054
1.84913
1.84722
1.84503
1.84276
1.84067
1.83895
1.83774
1.83707
1.83682
1.83681
1.83674
1.83636
1.83543
1.83381
1.83143
1.82835
1.82468
1.82068
1.81665
1.81306
1.81041
1.80923
1.80987
1.81247
1.8168
1.82238
1.82857
1.83475
1.84042
1.84524
1.84902
1.85172
1.85338
1.8541
1.85402
1.85329
1.85206
1.85041
1.8484
1.84598
1.84303
1.83938
1.83489
1.82952
1.8235
1.81734
1.81185
1.80791
1.80614
1.80656
1.80859
1.81127
1.81362
1.81492
1.81481
1.81323
1.8103
1.8063
1.80154
1.79641
1.7913
1.78667
1.78299
1.78063
1.77984
1.78065
1.78294
1.7864
1.79065
1.79526
1.79975
1.80371
1.80682
1.80891
1.80992
1.80994
1.80912
1.80768
1.80586
1.8039
1.80199
1.80027
1.79883
1.7977
1.79686
1.79632
1.79608
1.79617
1.79664
1.79753
1.79883
1.80044
1.8022
1.80385
1.80514
1.80581
1.80566
1.80454
1.80239
1.79922
1.79512
1.79025
1.78485
1.77918
1.77353
1.7682
1.76349
1.7597
1.75711
1.7559
1.75615
1.75775
1.76042
1.7638
1.76747
1.77109
1.77441
1.77728
1.77966
1.78153
1.78289
1.7837
1.78391
1.78338
1.78201
1.77975
1.77662
1.77287
1.76889
1.76525
1.76251
1.76105
1.76098
1.76201
1.76365
1.76531
1.76654
1.76707
1.76688
1.76618
1.76532
1.76466
1.76448
1.76484
1.76564
1.76662
1.76752
1.76814
1.76842
1.76837
1.76811
1.76779
1.76752
1.76738
1.76735
1.76734
1.76716
1.7666
1.76544
1.76347
1.7606
1.75683
1.75236
1.74757
1.74299
1.73924
1.73691
1.73636
1.73765
1.74053
1.74451
1.74902
1.75351
1.75758
1.76095
1.76349
1.76515
1.76599
1.76608
1.76557
1.76462
1.76344
1.76224
1.76127
1.76071
1.76069
1.76125
1.76233
1.76377
1.76536
1.7669
1.76817
1.76902
1.76933
1.76904
1.76812
1.76659
1.7645
1.76198
1.75915
1.75621
1.75333
1.75067
1.74833
1.74635
1.74469
1.74327
1.74201
1.74086
1.73985
1.73907
1.73869
1.73887
1.73978
1.74146
1.74389
1.7469
1.75028
1.75375
1.75708
1.76006
1.76255
1.76449
1.76585
1.76666
1.76698
1.76688
1.76645
1.76578
1.76494
1.76402
1.7631
1.76224
1.76149
1.76087
1.76041
1.76012
1.75998
1.76
1.76016
1.76048
1.76095
1.76158
1.76238
1.76333
1.76444
1.76569
1.76704
1.76847
1.76994
1.7714
1.77282
1.77417
1.77541
1.77651
1.77746
1.77824
1.77883
1.77922
1.77941
1.77939
1.77917
1.77874
1.77811
1.77727
1.77618
1.77485
1.77328
1.77149
1.76958
1.76767
1.76592
1.76445
1.76339
1.76279
1.76265
1.76294
1.76364
1.76472
1.76612
1.76779
1.76968
1.77172
1.77389
1.77622
1.77877
1.78161
1.78479
1.78835
1.79227
1.79648
1.80085
1.80518
1.8092
1.81267
1.81533
1.817
1.81758
1.81709
1.81567
1.8136
1.81121
1.80886
1.80683
1.80519
1.80382
1.80237
1.80044
1.79761
1.79363
1.78846
1.78232
1.77565
1.76907
1.76323
1.7587
1.75582
1.75475
1.75543
1.75763
1.76104
1.76527
1.76997
1.77482
1.7796
1.78416
1.78844
1.79241
1.79603
1.79931
1.80224
1.80481
1.80703
1.80891
1.81047
1.81171
1.81265
1.8133
1.81364
1.81368
1.81337
1.81271
1.81165
1.81016
1.80821
1.80578
1.80287
1.79948
1.79567
1.79152
1.78714
1.78268
1.77832
1.77425
1.77061
1.76758
1.7653
1.76389
1.76352
1.76429
1.76627
1.76943
1.77359
1.77849
1.78379
1.78917
1.79434
1.79911
1.80335
1.80703
1.81012
1.81266
1.81468
1.81621
1.81728
1.81791
1.81812
1.81792
1.81736
1.81649
1.81539
1.8142
1.81308
1.81222
1.81179
1.81193
1.81267
1.81395
1.81563
1.81751
1.81938
1.82106
1.82244
1.82346
1.82414
1.82451
1.82465
1.82458
1.82427
1.82356
1.82221
1.81985
1.81616
1.81105
1.80495
1.79907
1.79524
1.79523
1.79968
1.80772
1.8174
1.82675
1.83452
1.84026
1.84411
1.84651
1.8479
1.84869
1.84914
1.84937
1.8494
1.84916
1.84853
1.84735
1.8455
1.84289
1.83952
1.83547
1.83096
1.82628
1.82174
1.8176
1.81397
1.81087
1.80823
1.80603
1.80431
1.80318
1.80268
1.80275
1.80322
1.80391
1.80466
1.8054
1.80605
1.80654
1.80684
1.80695
1.807
1.80727
1.80814
1.80994
1.81292
1.81711
1.82229
1.82809
1.83406
1.83978
1.8449
1.84923
1.8527
1.8553
1.85711
1.85822
1.85875
1.85877
1.85835
1.85751
1.85621
1.85438
1.8519
1.84858
1.84418
1.83843
1.83103
1.82176
1.81047
1.79727
1.78261
1.76737
1.75288
1.74078
1.73261
1.72931
1.73088
1.73629
1.74394
1.75222
1.7599
1.76633
1.77144
1.7755
1.77901
1.78247
1.78629
1.79061
1.79538
1.80032
1.80507
1.80927
1.81259
1.81486
1.81595
1.81587
1.81464
1.81236
1.80911
1.80502
1.80023
1.79488
1.78913
1.78316
1.77713
1.77119
1.76544
1.76001
1.75502
1.75069
1.74733
1.74533
1.74507
1.74671
1.75012
1.75486
1.76031
1.76583
1.77093
1.77531
1.77885
1.78155
1.7835
1.78481
1.78561
1.786
1.78609
1.78596
1.78568
1.7853
1.78485
1.78438
1.7839
1.78346
1.78307
1.78275
1.78252
1.7824
1.78239
1.78251
1.78274
1.78306
1.78346
1.7839
1.78432
1.78466
1.78487
1.78486
1.78457
1.78391
1.78283
1.78128
1.77925
1.77675
1.77383
1.7706
1.76718
1.76372
1.76039
1.75735
1.75473
1.75265
1.7512
1.75051
1.7507
1.7519
1.75416
1.75737
1.76122
1.76531
1.76919
1.77248
1.77494
1.7765
1.77725
1.77748
1.77755
1.77789
1.77885
1.78065
1.78327
1.78653
1.79011
1.79367
1.79689
1.79956
1.80151
1.80266
1.80296
1.80236
1.80083
1.79834
1.79488
1.79051
1.78539
1.77984
1.77436
1.76958
