-0.0318404
-0.03185
-0.0318659
-0.0318881
-0.0319166
-0.0319515
-0.0319926
-0.03204
-0.0320938
-0.0321539
-0.0322204
-0.0322932
-0.0323749
-0.0324679
-0.0325677
-0.0326742
-0.0328018
-0.0329271
-0.033069
-0.033223
-0.0333749
-0.0335414
-0.0337059
-0.0338899
-0.0340914
-0.0342915
-0.0345044
-0.034721
-0.0349459
-0.03517
-0.0354122
-0.0356611
-0.0359072
-0.0361745
-0.036449
-0.0367333
-0.0370205
-0.0373158
-0.0376193
-0.0379384
-0.0382546
-0.0385869
-0.038936
-0.039314
-0.039681
-0.0400634
-0.0404642
-0.0408767
-0.0413061
-0.0417411
-0.0421918
-0.0426683
-0.0431522
-0.0436632
-0.0441996
-0.044748
-0.0453163
-0.0459007
-0.0465138
-0.0471495
-0.0478065
-0.0484811
-0.0491839
-0.0499161
-0.0506815
-0.0514696
-0.0522891
-0.0531367
-0.0540285
-0.0549426
-0.0559046
-0.0569095
-0.0579452
-0.0590449
-0.0601923
-0.0613828
-0.0626217
-0.0639143
-0.0652615
-0.0666737
-0.0681571
-0.069713
-0.0713478
-0.0730513
-0.0748469
-0.0767153
-0.0786822
-0.08075
-0.0829134
-0.0851816
-0.0875607
-0.0900493
-0.0926496
-0.095365
-0.0981992
-0.101139
-0.104182
-0.107317
-0.110533
-0.113791
-0.117051
-0.120263
-0.123368
-0.126272
-0.128837
-0.130939
-0.13239
-0.133
-0.13258
-0.130997
-0.12815
-0.124176
-0.119416
-0.114495
-0.110264
-0.107627
-0.107293
-0.109565
-0.114275
-0.120844
-0.128413
-0.136078
-0.142988
-0.148534
-0.152413
-0.154753
-0.156123
-0.157439
-0.159726
-0.163821
-0.170005
-0.177906
-0.186657
-0.195208
-0.202644
-0.208333
-0.211995
-0.213644
-0.213532
-0.212086
-0.209797
-0.207124
-0.204456
-0.202007
-0.199857
-0.197946
-0.196165
-0.194419
-0.192601
-0.190606
-0.18836
-0.185966
-0.183784
-0.1824
-0.182506
-0.184639
-0.188975
-0.195341
-0.203219
-0.21195
-0.220852
-0.229283
-0.236715
-0.242757
-0.247181
-0.249905
-0.25104
-0.250837
-0.249644
-0.247895
-0.246066
-0.244592
-0.243868
-0.244116
-0.245429
-0.24772
-0.250791
-0.254334
-0.258041
-0.26161
-0.264808
-0.267489
-0.269591
-0.271166
-0.27231
-0.273172
-0.273885
-0.274549
-0.275201
-0.275839
-0.276441
-0.276986
-0.277492
-0.278015
-0.278587
-0.279273
-0.280074
-0.280988
-0.28196
-0.282941
-0.283894
-0.284816
-0.285706
-0.286601
-0.287582
-0.288724
-0.290073
-0.291666
-0.29352
-0.295614
-0.297898
-0.300284
-0.302697
-0.305035
-0.307193
-0.309082
-0.310595
-0.31166
-0.312209
-0.312183
-0.311585
-0.310441
-0.308844
-0.30694
-0.30491
-0.302969
-0.301257
-0.299861
-0.298724
-0.29767
-0.296419
-0.294678
-0.292212
-0.28893
-0.284926
-0.280564
-0.27647
-0.273476
-0.272435
-0.273968
-0.27825
-0.284884
-0.292997
-0.301512
-0.30932
-0.315508
-0.319366
-0.320371
-0.318255
-0.31316
-0.305797
-0.297653
-0.290851
-0.287484
-0.288706
-0.294171
-0.302333
-0.311207
-0.319057
-0.324633
-0.327164
-0.326237
-0.321691
-0.313635
-0.302508
-0.289198
-0.275107
-0.262127
-0.252319
-0.247415
-0.248294
-0.254635
-0.265115
-0.277818
-0.290842
-0.302716
-0.312594
-0.320129
-0.325454
-0.328882
-0.330871
-0.33186
-0.332254
-0.332374
-0.332436
-0.332576
-0.332812
-0.333168
-0.333619
-0.334118
-0.334638
-0.335178
-0.335732
-0.33629
-0.336863
-0.337451
-0.338019
-0.338553
-0.338978
-0.33921
-0.339107
-0.338514
-0.337206
-0.334933
-0.331438
-0.326517
-0.320129
-0.312495
-0.304262
-0.296481
-0.290398
-0.287022
-0.286652
-0.288822
-0.292484
-0.296567
-0.30024
-0.303086
-0.305
-0.306087
-0.306571
-0.306738
-0.306828
-0.307025
-0.307406
-0.307996
-0.308707
-0.309407
-0.30996
-0.310254
-0.310227
-0.309928
-0.309447
-0.308964
-0.308651
-0.30861
-0.308891
-0.309443
-0.31015
-0.310824
-0.311316
-0.311529
-0.311378
-0.310899
-0.310137
-0.309224
-0.308262
-0.307394
-0.306702
-0.30624
-0.306025
-0.306033
-0.306229
-0.306553
-0.306969
-0.307429
-0.307928
-0.308471
-0.309057
-0.309713
-0.310438
-0.311202
-0.311974
-0.312659
-0.313176
-0.313402
-0.313175
-0.312311
-0.310591
-0.307815
-0.303772
-0.298295
-0.291306
-0.282922
-0.273571
-0.264021
-0.255427
-0.249132
-0.246329
-0.247713
-0.253229
-0.26203
-0.272836
-0.284301
-0.295301
-0.305058
-0.313162
-0.319466
-0.323914
-0.32658
-0.327503
-0.326738
-0.324334
-0.320366
-0.31502
-0.308645
-0.301787
-0.295113
-0.289283
-0.28477
-0.281698
-0.279902
-0.279022
-0.278723
-0.278842
-0.279343
-0.280283
-0.28169
-0.283528
-0.285657
-0.287911
-0.290112
-0.292145
-0.293951
-0.295532
-0.296916
-0.298169
-0.299315
-0.300415
-0.301458
-0.302459
-0.303406
-0.30429
-0.305104
-0.305834
-0.306468
-0.307015
-0.307492
-0.307872
-0.308206
-0.308472
-0.308702
-0.308893
-0.309043
-0.309173
-0.309252
-0.309281
-0.309244
-0.30913
-0.308917
-0.308578
-0.308099
-0.307435
-0.306575
-0.305476
-0.304146
-0.302588
-0.300809
-0.298884
-0.296867
-0.294886
-0.293068
-0.291531
-0.290388
-0.289668
-0.289337
-0.28931
-0.289437
-0.28958
-0.289591
-0.289361
-0.288847
-0.288051
-0.287056
-0.285973
-0.284934
-0.284127
-0.283688
-0.283735
-0.284333
-0.285458
-0.287041
-0.288946
-0.290979
-0.292967
-0.294733
-0.296159
-0.29716
-0.297745
-0.297968
-0.297902
-0.297644
-0.297281
-0.296843
-0.296313
-0.295649
-0.294729
-0.293484
-0.291876
-0.289908
-0.287714
-0.285424
-0.283242
-0.281355
-0.279936
-0.279069
-0.278756
-0.278924
-0.279419
-0.280025
-0.280667
-0.281229
-0.281739
-0.282275
-0.282998
-0.284062
-0.285544
-0.287443
-0.289625
-0.291923
-0.294171
-0.296195
-0.297906
-0.299218
-0.300073
-0.300453
-0.30035
-0.299811
-0.298917
-0.297815
-0.296695
-0.29573
-0.29505
-0.29476
-0.294912
-0.295521
-0.296636
-0.298292
-0.300588
-0.303535
-0.307098
-0.31113
-0.315416
-0.319672
-0.323645
-0.327121
-0.32992
-0.331933
-0.333088
-0.33333
-0.332653
-0.331101
-0.328757
-0.325766
-0.322353
-0.318791
-0.315354
-0.312338
-0.309923
-0.308213
-0.307281
-0.307117
-0.30766
-0.308771
-0.310203
-0.311647
-0.312737
-0.313122
-0.312543
-0.310888
-0.308235
-0.304836
-0.301115
-0.297559
-0.294673
-0.292866
-0.292317
-0.292968
-0.29455
-0.296637
-0.298775
-0.300582
-0.301829
-0.302412
-0.302437
-0.302086
-0.301676
-0.301492
-0.301719
-0.302416
-0.303505
-0.304884
-0.306476
-0.30833
-0.310521
-0.313137
-0.316172
-0.319473
-0.322818
-0.325939
-0.328577
-0.33057
-0.331817
-0.33226
-0.331945
-0.330875
-0.329107
-0.326682
-0.323652
-0.320064
-0.315995
-0.311558
-0.306869
-0.302188
-0.297761
-0.293962
-0.291133
-0.289566
-0.289398
-0.290604
-0.292965
-0.296142
-0.299766
-0.303509
-0.307083
-0.310338
-0.313182
-0.315579
-0.317552
-0.319134
-0.320363
-0.321283
-0.321924
-0.322298
-0.32244
-0.322337
-0.321985
-0.321387
-0.320577
-0.319598
-0.318536
-0.31752
-0.316716
-0.316303
-0.316465
-0.31733
-0.318924
-0.321166
-0.323892
-0.326841
-0.329689
-0.332123
-0.333814
-0.334479
-0.333808
-0.331602
-0.327763
-0.322378
-0.315823
-0.308784
-0.302049
-0.296303
-0.291803
-0.28846
-0.28625
-0.285582
-0.287242
-0.291818
-0.299029
-0.307602
-0.315792
-0.321984
-0.32502
-0.324274
-0.319661
-0.311851
-0.302561
-0.294544
-0.290767
-0.29292
-0.300459
-0.311133
-0.322401
-0.332497
-0.340634
-0.346668
-0.350779
-0.353231
-0.354264
-0.354095
-0.352935
-0.350956
-0.34831
-0.345178
-0.341731
-0.338165
-0.334721
-0.33167
-0.32931
-0.327913
-0.327666
-0.328627
-0.330641
-0.333442
-0.336675
-0.33999
-0.34308
-0.345738
-0.347807
-0.349217
-0.349887
-0.349766
-0.348771
-0.346861
-0.344004
-0.340245
-0.335724
-0.330697
-0.3255
-0.320488
-0.31598
-0.312203
-0.309322
-0.307497
-0.306932
-0.30786
-0.310346
-0.31425
-0.319146
-0.324521
-0.329872
-0.334838
-0.33921
-0.342884
-0.345824
-0.347997
-0.349402
-0.350002
-0.349808
-0.348899
-0.347358
-0.345414
-0.343365
-0.341536
-0.340221
-0.339604
-0.339694
-0.340345
-0.341357
-0.34253
-0.343747
-0.344984
-0.346314
-0.347814
-0.349526
-0.351411
-0.353333
-0.355072
-0.356373
-0.357015
-0.356841
-0.355816
-0.354031
-0.351704
-0.349162
-0.346751
-0.344762
-0.343359
-0.342523
-0.342109
-0.341869
-0.341575
-0.341059
-0.340237
-0.33911
-0.337761
-0.336338
-0.334983
-0.3339
-0.333241
-0.333141
-0.333694
-0.334972
-0.33697
-0.339639
-0.342874
-0.346444
-0.350129
-0.353684
-0.356888
-0.359563
-0.361568
-0.362837
-0.363359
-0.363142
-0.362202
-0.360586
-0.358324
-0.3555
-0.352162
-0.348398
-0.344275
-0.339921
-0.335498
-0.331179
-0.327196
-0.323829
-0.321378
-0.320132
-0.320283
-0.321871
-0.32473
-0.328566
-0.332909
-0.337333
-0.341449
-0.344996
-0.347789
-0.349789
-0.350995
-0.351484
-0.351349
-0.350665
-0.349501
-0.347938
-0.346027
-0.343812
-0.341318
-0.338604
-0.33571
-0.332677
-0.329615
-0.326613
-0.323779
-0.321233
-0.319087
-0.317424
-0.316269
-0.3156
-0.31536
-0.315474
-0.315839
-0.316382
-0.317045
-0.317768
-0.318529
-0.3193
-0.32006
-0.32079
-0.321493
-0.32214
-0.322728
-0.323259
-0.323707
-0.324094
-0.324411
-0.32468
-0.324915
-0.325144
-0.325381
-0.325645
-0.325982
-0.326418
-0.326962
-0.327643
-0.328489
-0.329516
-0.330744
-0.332165
-0.333779
-0.335554
-0.33745
-0.339442
-0.341465
-0.34344
-0.345263
-0.346825
-0.347985
-0.348555
-0.348339
-0.347072
-0.344469
-0.3402
-0.33398
-0.325654
-0.315506
-0.304482
-0.294361
-0.28746
-0.285583
-0.289028
-0.296256
-0.304815
-0.312431
-0.317717
-0.320075
-0.319506
-0.316357
-0.311339
-0.305471
-0.300135
-0.296782
-0.296521
-0.29963
-0.305495
-0.312992
-0.320968
-0.328634
-0.335641
-0.341882
-0.347411
-0.352226
-0.356231
-0.35928
-0.361183
-0.361823
-0.361127
-0.359158
-0.356093
-0.352267
-0.348145
-0.344245
-0.341107
-0.339121
-0.338449
-0.338994
-0.340418
-0.342334
-0.344365
-0.346233
-0.347769
-0.348947
-0.349782
-0.350365
-0.350795
-0.351186
-0.351611
-0.352133
-0.352814
-0.353646
-0.354624
-0.355738
-0.356978
-0.358312
-0.359745
-0.361267
-0.36284
-0.364445
-0.366038
-0.367575
-0.368985
-0.370178
-0.37103
-0.371355
-0.370924
-0.369408
-0.366393
-0.361367
-0.353828
-0.343412
-0.330252
-0.315423
-0.30132
-0.291229
-0.287935
-0.29205
-0.301627
-0.313591
-0.325311
-0.335331
-0.343221
-0.349057
-0.353092
-0.355603
-0.35679
-0.356832
-0.355954
-0.354353
-0.352256
-0.34994
-0.347638
-0.345565
-0.343899
-0.342742
-0.342105
-0.341943
-0.342182
-0.342679
-0.343339
-0.344051
-0.344766
-0.345444
-0.346058
-0.346625
-0.347144
-0.347627
-0.348059
-0.348427
-0.348708
-0.348896
-0.348966
-0.348883
-0.348616
-0.348138
-0.347408
-0.346428
-0.345148
-0.343527
-0.341553
-0.339178
-0.336155
-0.332988
-0.329401
-0.325409
-0.321004
-0.316225
-0.311133
-0.305789
-0.300321
-0.294854
-0.289579
-0.284689
-0.28038
-0.276801
-0.274083
-0.272243
-0.271227
-0.27092
-0.271152
-0.271724
-0.272479
-0.273295
-0.274117
-0.274948
-0.275804
-0.276694
-0.277557
-0.278288
-0.278735
-0.278752
-0.278226
-0.277165
-0.275677
-0.274041
-0.272605
-0.271715
-0.271599
-0.272305
-0.273698
-0.275471
-0.277321
-0.278931
-0.280105
-0.280714
-0.280729
-0.280172
-0.279124
-0.277658
-0.275842
-0.273741
-0.271398
-0.268822
-0.265985
-0.262816
-0.259249
-0.255186
-0.250559
-0.245365
-0.23971
-0.233905
-0.228466
-0.224093
-0.221623
-0.221692
-0.224512
-0.22978
-0.236695
-0.244327
-0.251851
-0.258706
-0.264603
-0.269468
-0.273365
-0.276392
-0.278642
-0.280175
-0.28102
-0.281143
-0.280476
-0.27887
-0.276154
-0.272149
-0.266698
-0.259687
-0.251197
-0.241519
-0.23124
-0.221212
-0.212436
-0.20581
-0.20192
-0.200873
-0.202388
-0.205899
-0.21082
-0.216624
-0.222932
-0.229441
-0.235917
-0.242118
-0.247824
-0.252799
-0.256865
-0.259837
-0.26161
-0.262143
-0.261536
-0.260033
-0.258003
-0.255943
-0.254321
-0.253451
-0.253357
-0.25385
-0.254555
-0.255145
-0.255463
-0.25561
-0.255897
-0.256699
-0.258298
-0.260721
-0.263705
-0.266807
-0.269487
-0.271264
-0.271831
-0.27105
-0.269027
-0.26607
-0.262692
-0.259551
-0.257303
-0.256532
-0.257576
-0.260451
-0.264853
-0.270275
-0.276162
-0.281987
-0.287364
-0.292062
-0.29597
-0.299046
-0.301343
-0.302913
-0.303817
-0.304137
-0.303937
-0.303287
-0.302283
-0.300994
-0.299513
-0.297958
-0.296414
-0.294951
-0.293624
-0.292392
-0.29121
-0.290024
-0.288798
-0.287596
-0.286646
-0.286354
-0.2872
-0.289592
-0.293664
-0.299077
-0.30507
-0.310555
-0.314442
-0.315893
-0.314507
-0.310572
-0.305098
-0.299714
-0.296058
-0.295049
-0.296503
-0.299301
-0.302195
-0.304301
-0.305314
-0.305314
-0.304548
-0.303213
-0.301418
-0.299157
-0.296471
-0.293488
-0.29056
-0.288145
-0.286765
-0.286759
-0.288188
-0.290832
-0.294224
-0.297961
-0.301757
-0.305504
-0.309211
-0.312851
-0.316338
-0.319496
-0.322118
-0.324079
-0.325364
-0.326094
-0.326463
-0.326699
-0.326984
-0.32739
-0.327918
-0.328484
-0.328983
-0.329283
-0.329285
-0.328932
-0.328195
-0.327088
-0.325655
-0.32402
-0.322255
-0.320507
-0.318909
-0.317593
-0.316707
-0.316334
-0.31654
-0.317295
-0.318542
-0.320187
-0.322146
-0.324292
-0.326516
-0.328735
-0.330875
-0.332841
-0.334564
-0.33595
-0.336912
-0.33733
-0.337091
-0.336087
-0.33421
-0.331404
-0.327653
-0.323043
-0.317783
-0.312204
-0.306779
-0.302078
-0.298691
-0.297142
-0.297752
-0.300513
-0.305102
-0.310923
-0.317203
-0.323205
-0.328297
-0.332049
-0.33425
-0.334915
-0.334273
-0.332732
-0.330833
-0.329211
-0.328441
-0.328872
-0.330607
-0.333459
-0.337046
-0.340907
-0.344679
-0.348076
-0.350976
-0.353341
-0.355207
-0.356619
-0.357652
-0.358376
-0.358873
-0.359177
-0.359333
-0.359405
-0.359416
-0.359408
-0.359393
-0.35939
-0.359397
-0.359417
-0.359405
-0.359311
-0.359098
-0.358713
-0.358095
-0.357215
-0.356073
-0.354675
-0.353085
-0.351399
-0.349776
-0.348354
-0.347294
-0.346713
-0.346664
-0.347116
-0.347912
-0.348832
-0.349651
-0.350209
-0.350436
-0.350452
-0.350495
-0.350862
-0.351822
-0.353543
-0.356013
-0.359048
-0.362309
-0.365393
-0.367853
-0.369349
-0.36964
-0.368565
-0.366085
-0.362237
-0.357121
-0.350917
-0.343807
-0.336016
-0.32775
-0.319354
-0.311318
-0.30443
-0.299542
-0.297181
-0.297219
-0.298929
-0.30141
-0.304128
-0.307074
-0.310605
-0.315064
-0.320537
-0.326758
-0.333302
-0.33969
-0.345545
-0.350605
-0.354727
-0.357873
-0.360086
-0.361467
-0.362112
-0.362158
-0.361684
-0.360759
-0.359441
-0.357758
-0.355694
-0.353231
-0.350308
-0.346884
-0.342862
-0.338152
-0.332687
-0.326452
-0.319479
-0.311963
-0.304281
-0.297008
-0.290816
-0.286328
-0.283946
-0.283715
-0.285338
-0.288301
-0.292073
-0.296187
-0.300306
-0.304178
-0.307663
-0.310659
-0.313204
-0.315334
-0.317143
-0.318772
-0.320349
-0.321981
-0.323704
-0.325504
-0.327348
-0.329148
-0.330838
-0.332346
-0.333651
-0.334753
-0.335665
-0.336444
-0.337142
-0.337829
-0.338566
-0.339423
-0.34042
-0.341574
-0.342907
-0.344388
-0.345969
-0.347572
-0.349127
-0.350521
-0.351636
-0.352346
-0.352479
-0.351887
-0.350436
-0.347982
-0.344493
-0.339973
-0.334538
-0.328385
-0.321843
-0.315313
-0.309364
-0.304743
-0.302321
-0.30292
-0.30707
-0.314721
-0.325248
-0.337574
-0.350503
-0.362992
-0.374268
-0.383868
-0.391583
-0.397356
-0.401237
-0.403343
-0.403767
-0.402642
-0.400086
-0.396229
-0.391235
-0.385292
-0.378653
-0.371666
-0.364786
-0.358681
-0.354147
-0.352052
-0.353071
-0.357409
-0.364633
-0.373731
-0.383429
-0.392578
-0.400341
-0.406304
-0.410433
-0.412967
-0.414285
-0.414846
-0.415097
-0.41536
-0.415858
-0.416663
-0.417738
-0.418988
-0.420274
-0.421459
-0.422458
-0.42321
-0.423658
-0.423759
-0.423433
-0.422573
-0.421044
-0.418666
-0.415296
-0.410863
-0.405432
-0.399386
-0.393402
-0.388499
-0.385737
-0.385913
-0.389222
-0.395173
-0.402824
-0.411099
-0.419089
-0.42617
-0.431983
-0.436445
-0.439604
-0.441604
-0.442659
-0.442977
-0.442793
-0.44233
-0.441754
-0.441161
-0.440652
-0.440293
-0.440081
-0.440016
-0.440057
-0.440142
-0.440184
-0.440066
-0.439665
-0.438858
-0.43751
-0.435535
-0.432882
-0.429604
-0.425906
-0.422113
-0.418704
-0.416224
-0.41513
-0.415619
-0.417601
-0.420713
-0.424431
-0.428239
-0.431722
-0.434591
-0.436685
-0.437984
-0.438492
-0.438339
-0.437645
-0.436556
-0.435206
-0.433663
-0.431913
-0.429887
-0.427447
-0.42453
-0.421222
-0.417829
-0.414859
-0.412976
-0.412693
-0.414189
-0.417191
-0.421142
-0.425364
-0.429277
-0.432515
-0.434902
-0.436425
-0.437145
-0.437153
-0.436544
-0.435383
-0.433687
-0.431485
-0.428793
-0.425679
-0.422241
-0.418686
-0.415276
-0.412296
-0.410037
-0.408718
-0.408426
-0.409093
-0.410571
-0.412592
-0.414868
-0.417124
-0.419132
-0.420729
-0.421823
-0.422363
-0.422344
-0.421817
-0.42085
-0.419505
-0.417888
-0.416106
-0.414249
-0.4124
-0.410614
-0.408948
-0.407423
-0.406023
-0.404736
-0.403536
-0.402386
-0.40126
-0.400139
-0.398996
-0.397822
-0.39662
-0.395384
-0.394131
-0.392865
-0.391625
-0.390439
-0.389332
-0.388333
-0.387499
-0.386855
-0.386405
-0.38615
-0.386081
-0.38615
-0.386341
-0.386615
-0.386921
-0.387236
-0.387515
-0.387735
-0.387881
-0.387935
-0.387893
-0.387742
-0.387474
-0.387066
-0.386518
-0.385789
-0.384874
-0.383748
-0.382375
-0.380708
-0.378686
-0.376304
-0.373526
-0.37032
-0.36675
-0.362877
-0.358833
-0.354774
-0.350892
-0.347359
-0.344298
-0.341784
-0.339862
-0.338599
-0.338164
-0.33879
-0.340737
-0.34414
-0.348971
-0.35496
-0.361684
-0.368663
-0.375467
-0.381788
-0.387426
-0.392298
-0.396393
-0.399757
-0.402452
-0.404562
-0.406142
-0.407261
-0.407941
-0.408199
-0.408025
-0.407322
-0.406014
-0.403921
-0.400817
-0.396439
-0.390515
-0.382843
-0.373465
-0.362905
-0.35232
-0.343394
-0.33782
-0.336528
-0.339211
-0.344604
-0.35114
-0.357656
-0.363545
-0.368659
-0.373042
-0.376837
-0.380159
-0.383055
-0.385543
-0.38763
-0.389318
-0.390572
-0.391411
-0.391822
-0.391831
-0.391429
-0.390616
-0.38939
-0.38772
-0.385585
-0.382966
-0.379869
-0.376327
-0.372391
-0.368184
-0.363902
-0.359791
-0.356135
-0.353233
-0.351283
-0.350332
-0.350262
-0.350763
-0.351457
-0.351991
-0.352162
-0.35197
-0.351687
-0.351756
-0.352685
-0.354835
-0.35831
-0.362881
-0.36811
-0.373482
-0.378535
-0.382939
-0.38656
-0.389367
-0.391435
-0.392889
-0.393862
-0.394503
-0.394901
-0.395137
-0.395241
-0.395181
-0.394944
-0.394469
-0.393684
-0.392549
-0.391015
-0.389029
-0.386581
-0.383633
-0.380196
-0.376249
-0.371823
-0.366989
-0.36188
-0.35675
-0.35195
-0.347896
-0.34502
-0.343612
-0.343768
-0.345382
-0.34819
-0.351906
-0.356309
-0.361265
-0.366628
-0.372226
-0.377854
-0.383255
-0.388212
-0.392571
-0.39627
-0.399317
-0.401761
-0.403682
-0.40518
-0.406353
-0.407271
-0.40799
-0.40856
-0.409004
-0.409335
-0.409567
-0.409687
-0.409675
-0.409515
-0.409187
-0.408663
-0.407939
-0.406977
-0.405754
-0.404286
-0.402587
-0.400674
-0.398583
-0.396375
-0.394107
-0.391846
-0.389634
-0.387524
-0.385534
-0.383635
-0.38179
-0.379874
-0.377798
-0.375454
-0.372804
-0.369899
-0.366958
-0.364329
-0.362504
-0.361899
-0.362753
-0.365036
-0.368436
-0.372504
-0.376787
-0.38093
-0.384702
-0.387974
-0.390694
-0.392843
-0.394419
-0.395402
-0.395761
-0.395479
-0.394545
-0.393036
-0.391075
-0.388925
-0.386886
-0.38527
-0.384294
-0.383949
-0.384016
-0.384115
-0.383833
-0.382773
-0.380726
-0.377706
-0.373899
-0.369729
-0.365674
-0.362171
-0.359518
-0.357787
-0.356849
-0.356469
-0.356436
-0.356634
-0.357034
-0.357716
-0.358766
-0.360212
-0.362051
-0.364189
-0.366488
-0.368794
-0.370976
-0.372909
-0.374519
-0.37574
-0.37655
-0.376991
-0.377113
-0.376971
-0.37665
-0.376182
-0.375645
-0.375044
-0.374378
-0.3736
-0.372658
-0.371465
-0.369931
-0.367976
-0.365535
-0.362611
-0.359248
-0.355627
-0.351995
-0.348722
-0.346204
-0.344741
-0.344522
-0.345497
-0.347436
-0.349985
-0.352738
-0.355379
-0.357667
-0.35946
-0.360741
-0.361515
-0.361862
-0.361863
-0.3616
-0.361132
-0.360539
-0.359818
-0.359015
-0.358107
-0.357095
-0.355975
-0.354737
-0.353387
-0.351943
-0.350468
-0.348998
-0.34759
-0.346293
-0.345149
-0.344173
-0.34335
-0.342653
-0.342024
-0.341388
-0.340669
-0.339801
-0.338719
-0.337369
-0.335725
-0.333783
-0.331538
-0.329041
-0.326383
-0.323679
-0.321095
-0.318855
-0.317172
-0.316262
-0.316277
-0.317299
-0.319301
-0.322189
-0.32583
-0.330008
-0.334515
-0.339104
-0.343493
-0.347446
-0.350688
-0.352996
-0.354172
-0.354083
-0.352682
-0.350068
-0.346602
-0.342898
-0.339785
-0.338107
-0.338406
-0.340654
-0.344296
-0.348352
-0.351818
-0.35385
-0.353884
-0.351648
-0.347135
-0.34071
-0.333187
-0.325807
-0.320055
-0.317203
-0.31784
-0.321642
-0.327639
-0.334675
-0.341715
-0.348106
-0.353494
-0.357765
-0.360963
-0.363218
-0.364711
-0.365637
-0.366188
-0.36651
-0.366769
-0.367038
-0.367392
-0.367874
-0.368458
-0.369137
-0.369861
-0.370581
-0.371269
-0.371869
-0.372349
-0.372685
-0.372815
-0.372731
-0.372354
-0.371641
-0.370548
-0.369109
-0.36744
-0.365727
-0.364232
-0.363262
-0.363018
-0.363566
-0.364882
-0.366286
-0.367463
-0.368074
-0.367954
-0.367116
-0.36572
-0.363895
-0.361739
-0.359254
-0.356473
-0.353603
-0.351124
-0.349721
-0.350032
-0.352317
-0.356387
-0.361674
-0.367494
-0.373248
-0.378464
-0.38285
-0.386212
-0.388525
-0.389849
-0.390332
-0.390199
-0.389713
-0.389165
-0.38877
-0.388709
-0.389052
-0.389787
-0.390785
-0.391873
-0.392842
-0.39345
-0.393511
-0.392871
-0.39143
-0.389197
-0.38628
-0.382926
-0.379514
-0.376551
-0.374475
-0.373627
-0.374056
-0.375561
-0.377746
-0.380108
-0.38222
-0.383727
-0.384485
-0.384428
-0.383632
-0.382273
-0.380573
-0.378827
-0.377287
-0.37615
-0.375518
-0.375362
-0.375608
-0.37606
-0.376533
-0.376853
-0.376847
-0.376339
-0.37514
-0.373079
-0.369954
-0.365609
-0.359996
-0.353282
-0.345946
-0.338823
-0.333031
-0.329731
-0.329699
-0.333064
-0.339249
-0.347226
-0.355882
-0.364331
-0.371941
-0.378384
-0.383543
-0.387416
-0.390094
-0.391698
-0.392366
-0.392228
-0.391379
-0.38991
-0.387851
-0.385163
-0.381781
-0.377518
-0.372228
-0.365853
-0.35865
-0.351416
-0.345509
-0.3424
-0.34288
-0.346401
-0.351275
-0.355508
-0.357754
-0.357754
-0.356243
-0.354555
-0.353989
-0.355286
-0.358389
-0.36272
-0.367513
-0.372165
-0.376267
-0.379539
-0.381832
-0.383013
-0.383039
-0.381994
-0.380123
-0.377822
-0.375586
-0.373943
-0.373302
-0.373911
-0.375817
-0.378841
-0.382607
-0.386594
-0.390179
-0.392698
-0.393579
-0.392367
-0.388845
-0.383099
-0.375648
-0.367507
-0.360209
-0.355487
-0.354816
-0.358781
-0.36683
-0.377499
-0.388946
-0.399529
-0.408067
-0.413897
-0.416677
-0.416366
-0.413136
-0.407429
-0.400092
-0.39245
-0.386085
-0.38232
-0.381611
-0.383275
-0.38591
-0.388024
-0.388625
-0.38745
-0.384947
-0.382031
-0.379803
-0.379094
-0.380175
-0.382691
-0.385922
-0.389115
-0.391748
-0.393605
-0.394708
-0.395205
-0.395274
-0.395096
-0.394828
-0.394607
-0.394526
-0.394684
-0.39514
-0.395935
-0.397079
-0.398533
-0.40023
-0.402109
-0.404055
-0.40599
-0.407808
-0.409458
-0.410858
-0.411974
-0.41276
-0.413193
-0.413263
-0.412975
-0.41236
-0.411472
-0.410337
-0.409014
-0.40756
-0.405994
-0.404303
-0.402442
-0.400345
-0.39795
-0.395231
-0.392183
-0.388862
-0.385373
-0.381838
-0.378302
-0.374766
-0.371194
-0.367606
-0.364088
-0.360939
-0.358579
-0.357493
-0.358074
-0.360495
-0.364651
-0.370201
-0.376595
-0.383245
-0.389648
-0.395409
-0.400279
-0.404203
-0.407207
-0.409376
-0.410782
-0.411465
-0.411424
-0.410588
-0.408892
-0.406221
-0.402508
-0.397712
-0.391905
-0.385337
-0.378466
-0.37192
-0.36639
-0.362431
-0.360204
-0.359479
-0.359725
-0.360381
-0.361014
-0.36146
-0.361744
-0.362078
-0.362761
-0.364132
-0.366341
-0.369411
-0.373172
-0.377292
-0.381401
-0.385131
-0.388226
-0.390493
-0.391857
-0.392291
-0.391809
-0.39045
-0.388272
-0.385312
-0.381636
-0.377235
-0.372029
-0.365768
-0.358024
-0.348189
-0.335682
-0.32039
-0.303373
-0.287515
-0.277073
-0.275608
-0.283489
-0.29768
-0.314056
-0.32955
-0.342785
-0.353487
-0.361914
-0.368421
-0.373367
-0.377008
-0.37954
-0.381049
-0.381576
-0.381129
-0.379694
-0.377283
-0.374039
-0.370254
-0.366444
-0.363295
-0.361561
-0.361749
-0.363975
-0.367892
-0.372823
-0.378011
-0.382826
-0.386868
-0.389946
-0.392011
-0.393126
-0.393376
-0.392839
-0.391627
-0.389833
-0.387523
-0.384795
-0.381749
-0.378513
-0.375264
-0.372194
-0.369509
-0.367397
-0.365963
-0.36524
-0.36519
-0.365709
-0.366674
-0.367964
-0.369481
-0.371155
-0.372989
-0.375028
-0.37733
-0.379917
-0.382733
-0.385616
-0.38834
-0.390641
-0.392305
-0.393151
-0.393126
-0.392234
-0.39058
-0.388336
-0.385732
-0.383024
-0.380462
-0.378264
-0.376572
-0.375461
-0.374927
-0.374892
-0.375272
-0.375947
-0.376837
-0.377885
-0.379143
-0.380638
-0.382404
-0.384453
-0.386734
-0.38915
-0.391545
-0.393751
-0.395615
-0.397015
-0.397884
-0.398196
-0.397944
-0.397164
-0.395888
-0.394171
-0.392108
-0.389721
-0.387048
-0.384064
-0.380671
-0.376758
-0.372163
-0.366817
-0.360733
-0.354116
-0.347359
-0.341026
-0.335746
-0.332104
-0.330466
-0.330924
-0.333207
-0.336803
-0.341068
-0.345422
-0.349425
-0.352798
-0.355445
-0.357347
-0.358571
-0.359203
-0.359303
-0.358869
-0.357929
-0.356441
-0.354393
-0.351768
-0.348651
-0.345186
-0.341579
-0.338123
-0.335115
-0.33277
-0.331213
-0.330469
-0.330464
-0.331094
-0.332233
-0.333776
-0.335609
-0.3376
-0.339581
-0.341387
-0.342822
-0.34371
-0.343927
-0.343387
-0.342034
-0.3399
-0.337114
-0.333857
-0.330403
-0.327077
-0.324233
-0.322095
-0.320789
-0.320284
-0.320416
-0.320936
-0.321587
-0.322123
-0.322325
-0.322001
-0.320988
-0.319164
-0.316392
-0.312648
-0.307961
-0.302452
-0.296419
-0.290241
-0.28445
-0.279617
-0.276296
-0.274885
-0.275563
-0.2782
-0.282409
-0.287671
-0.293373
-0.298997
-0.304138
-0.308536
-0.312089
-0.314779
-0.316646
-0.317792
-0.318329
-0.318338
-0.317898
-0.317044
-0.315812
-0.314171
-0.312057
-0.309347
-0.305857
-0.301383
-0.295671
-0.288618
-0.280292
-0.271247
-0.262629
-0.25607
-0.253181
-0.254734
-0.260241
-0.268179
-0.276738
-0.284422
-0.290251
-0.293713
-0.294567
-0.292792
-0.288612
-0.282598
-0.275751
-0.268556
-0.263686
-0.261012
-0.260371
-0.261291
-0.263521
-0.267179
-0.272458
-0.279152
-0.286598
-0.293884
-0.300221
-0.305248
-0.308924
-0.311513
-0.313349
-0.314754
-0.316008
-0.317236
-0.318502
-0.319757
-0.320948
-0.321976
-0.32273
-0.32313
-0.323098
-0.322566
-0.321512
-0.31992
-0.317788
-0.315144
-0.312026
-0.308547
-0.304845
-0.301126
-0.297669
-0.294793
-0.292821
-0.29204
-0.292615
-0.294564
-0.297733
-0.30185
-0.30654
-0.311409
-0.316072
-0.320244
-0.323688
-0.326279
-0.327926
-0.328649
-0.328514
-0.327632
-0.326148
-0.324161
-0.321656
-0.318444
-0.314135
-0.308219
-0.300165
-0.289722
-0.277379
-0.264923
-0.255457
-0.252435
-0.257503
-0.269227
-0.28406
-0.29852
-0.310574
-0.319652
-0.326052
-0.330386
-0.333284
-0.335239
-0.336628
-0.337669
-0.338503
-0.339207
-0.339814
-0.340341
-0.34077
-0.341083
-0.341271
-0.341314
-0.341193
-0.340894
-0.340394
-0.339693
-0.338762
-0.337604
-0.336217
-0.334596
-0.33274
-0.33067
-0.328407
-0.325973
-0.323412
-0.320784
-0.318155
-0.315635
-0.313314
-0.3113
-0.309693
-0.308583
-0.308028
-0.308073
-0.308801
-0.310237
-0.312415
-0.315302
-0.318791
-0.322686
-0.326705
-0.330531
-0.333847
-0.336292
-0.337536
-0.33719
-0.334845
-0.330149
-0.323006
-0.313873
-0.304113
-0.295944
-0.291727
-0.292668
-0.298082
-0.305823
-0.313591
-0.319821
-0.32391
-0.32593
-0.326304
-0.325568
-0.324226
-0.32267
-0.321121
-0.31959
-0.317917
-0.315899
-0.313368
-0.310335
-0.307049
-0.303905
-0.301392
-0.299939
-0.299748
-0.300817
-0.302914
-0.305715
-0.308866
-0.312115
-0.315306
-0.318407
-0.321445
-0.324493
-0.327598
-0.330741
-0.333876
-0.336929
-0.339776
-0.342371
-0.344655
-0.346595
-0.348201
-0.349499
-0.350537
-0.35136
-0.352025
-0.352533
-0.352938
-0.353234
-0.353444
-0.353559
-0.353541
-0.353376
-0.353014
-0.352415
-0.351525
-0.350313
-0.348781
-0.3469
-0.344689
-0.342095
-0.338955
-0.334875
-0.32916
-0.32089
-0.309342
-0.294955
-0.280578
-0.271432
-0.272235
-0.283187
-0.299593
-0.315642
-0.327746
-0.334939
-0.337789
-0.33739
-0.334834
-0.331035
-0.326696
-0.32226
-0.317958
-0.313763
-0.30945
-0.304705
-0.299343
-0.293648
-0.288606
-0.285804
-0.286713
-0.291735
-0.299807
-0.308934
-0.317101
-0.323021
-0.326277
-0.327097
-0.326155
-0.324296
-0.322359
-0.320957
-0.320389
-0.320584
-0.321187
-0.321695
-0.321703
-0.320934
-0.319277
-0.316763
-0.313543
-0.30986
-0.306019
-0.30242
-0.299477
-0.297652
-0.297306
-0.298606
-0.301464
-0.305533
-0.310315
-0.315245
-0.319882
-0.323887
-0.32707
-0.329352
-0.3307
-0.331144
-0.330686
-0.329352
-0.32713
-0.32401
-0.319967
-0.314969
-0.308965
-0.301996
-0.294182
-0.285928
-0.278007
-0.271523
-0.267643
-0.267134
-0.2699
-0.27504
-0.28128
-0.287478
-0.292966
-0.297507
-0.301164
-0.304145
-0.306648
-0.308835
-0.31081
-0.312587
-0.31415
-0.315456
-0.316454
-0.317113
-0.31738
-0.317271
-0.316788
-0.315977
-0.314935
-0.313739
-0.312512
-0.311372
-0.310423
-0.309729
-0.309354
-0.30927
-0.309423
-0.30966
-0.309825
-0.30973
-0.309181
-0.308011
-0.306082
-0.303311
-0.299757
-0.295562
-0.291002
-0.286484
-0.28248
-0.279441
-0.277696
-0.277387
-0.278432
-0.280558
-0.283368
-0.286422
-0.289319
-0.29176
-0.293553
-0.294592
-0.294883
-0.294511
-0.293582
-0.292258
-0.290686
-0.289026
-0.287376
-0.28581
-0.284365
-0.28305
-0.281839
-0.280694
-0.279584
-0.278451
-0.277239
-0.275914
-0.274448
-0.272871
-0.271217
-0.269604
-0.268178
-0.267089
-0.266456
-0.266407
-0.266968
-0.268102
-0.269719
-0.271655
-0.273736
-0.275785
-0.277669
-0.279285
-0.280538
-0.281401
-0.281873
-0.281941
-0.281633
-0.280979
-0.279991
-0.278729
-0.277224
-0.275553
-0.273755
-0.271915
-0.270112
-0.268423
-0.266935
-0.265692
-0.264747
-0.264056
-0.263587
-0.26325
-0.262928
-0.262501
-0.261886
-0.261053
-0.260047
-0.258955
-0.257931
-0.257143
-0.256757
-0.256868
-0.257539
-0.25874
-0.260375
-0.262362
-0.264564
-0.266847
-0.269103
-0.271231
-0.273157
-0.274815
-0.276158
-0.277153
-0.277807
-0.278104
-0.278065
-0.277733
-0.277113
-0.276256
-0.275172
-0.273902
-0.272488
-0.270974
-0.269507
-0.268275
-0.267536
-0.267552
-0.268546
-0.270585
-0.273611
-0.277392
-0.281615
-0.285952
-0.290136
-0.293975
-0.297371
-0.300287
-0.302753
-0.304815
-0.306511
-0.307901
-0.309044
-0.30996
-0.310692
-0.31126
-0.311695
-0.31202
-0.312246
-0.312388
-0.312438
-0.31239
-0.312241
-0.311974
-0.311526
-0.310882
-0.309987
-0.308799
-0.307297
-0.305471
-0.303365
-0.301046
-0.298644
-0.296321
-0.294265
-0.292674
-0.291693
-0.291422
-0.291915
-0.293145
-0.295086
-0.297677
-0.300862
-0.30459
-0.308812
-0.313426
-0.318309
-0.323284
-0.328144
-0.332676
-0.336694
-0.340025
-0.342579
-0.344306
-0.345269
-0.345585
-0.345391
-0.344885
-0.344281
-0.343718
-0.343307
-0.343028
-0.342842
-0.342621
-0.342255
-0.341632
-0.340658
-0.339335
-0.337697
-0.335835
-0.333873
-0.331999
-0.330412
-0.329305
-0.328842
-0.32911
-0.330123
-0.331817
-0.334058
-0.336658
-0.339405
-0.342101
-0.344559
-0.346654
-0.348228
-0.349178
-0.349394
-0.34877
-0.347222
-0.3447
-0.341135
-0.336549
-0.330969
-0.323954
-0.316958
-0.30972
-0.30267
-0.29632
-0.291244
-0.287935
-0.286738
-0.287745
-0.290773
-0.295387
-0.300984
-0.306948
-0.31278
-0.3181
-0.322762
-0.32672
-0.330042
-0.332811
-0.335117
-0.337023
-0.33856
-0.339721
-0.340538
-0.341002
-0.341131
-0.340942
-0.340449
-0.339681
-0.33867
-0.337414
-0.335946
-0.334247
-0.332289
-0.330054
-0.327509
-0.324606
-0.321335
-0.317717
-0.313822
-0.309793
-0.305877
-0.302365
-0.299588
-0.297818
-0.297273
-0.298026
-0.299989
-0.302911
-0.306474
-0.310323
-0.314131
-0.317625
-0.320639
-0.323077
-0.324926
-0.326211
-0.327003
-0.327394
-0.327493
-0.327421
-0.327302
-0.327276
-0.327444
-0.327889
-0.328702
-0.329898
-0.331467
-0.333357
-0.335478
-0.337675
-0.339782
-0.34164
-0.343073
-0.343914
-0.344018
-0.343301
-0.341761
-0.339502
-0.336813
-0.334198
-0.332293
-0.33176
-0.333127
-0.336522
-0.341678
-0.347973
-0.354665
-0.361029
-0.366544
-0.370858
-0.373801
-0.375366
-0.375634
-0.374879
-0.373419
-0.371733
-0.370331
-0.369662
-0.370041
-0.371587
-0.374112
-0.377257
-0.380508
-0.383371
-0.385441
-0.386485
-0.386507
-0.385778
-0.384809
-0.384221
-0.384602
-0.38628
-0.389234
-0.393116
-0.39743
-0.401692
-0.405533
-0.408783
-0.411332
-0.413091
-0.414032
-0.414058
-0.413081
-0.411075
-0.408083
-0.404284
-0.399994
-0.395663
-0.391795
-0.38892
-0.387449
-0.387607
-0.389343
-0.392443
-0.396536
-0.401179
-0.405994
-0.410656
-0.41489
-0.418496
-0.421308
-0.423196
-0.424054
-0.423852
-0.422551
-0.420206
-0.416958
-0.413007
-0.408679
-0.404384
-0.400564
-0.397695
-0.396154
-0.396225
-0.397969
-0.401271
-0.405787
-0.411057
-0.416523
-0.421643
-0.425903
-0.428877
-0.430213
-0.429635
-0.42694
-0.422037
-0.415055
-0.406463
-0.397187
-0.388651
-0.382368
-0.379534
-0.380488
-0.384718
-0.391182
-0.398771
-0.406613
-0.414148
-0.421063
-0.427184
-0.432419
-0.436699
-0.439968
-0.442202
-0.44335
-0.443349
-0.442062
-0.439341
-0.435043
-0.429097
-0.421662
-0.413314
-0.405067
-0.398264
-0.394076
-0.393007
-0.394663
-0.398005
-0.401925
-0.405611
-0.408707
-0.411214
-0.413295
-0.415182
-0.417047
-0.418981
-0.421001
-0.423042
-0.424995
-0.426734
-0.428102
-0.428984
-0.429286
-0.428958
-0.427982
-0.426428
-0.424407
-0.422077
-0.419658
-0.417346
-0.415378
-0.413899
-0.412969
-0.41255
-0.412507
-0.412649
-0.412754
-0.412646
-0.412188
-0.41132
-0.410029
-0.408379
-0.406447
-0.404358
-0.402282
-0.400449
-0.399115
-0.398529
-0.39883
-0.400078
-0.40213
-0.404772
-0.407733
-0.41078
-0.413678
-0.416207
-0.418153
-0.419259
-0.419205
-0.417641
-0.41412
-0.408252
-0.399866
-0.38935
-0.377995
-0.368099
-0.362241
-0.361991
-0.366815
-0.374587
-0.382812
-0.389798
-0.394907
-0.398201
-0.400118
-0.401095
-0.40146
-0.401384
-0.400844
-0.399684
-0.397696
-0.394702
-0.390638
-0.385776
-0.38068
-0.376264
-0.373448
-0.372897
-0.374713
-0.378406
-0.38314
-0.388036
-0.392347
-0.395576
-0.397398
-0.397661
-0.396357
-0.393634
-0.389779
-0.385246
-0.380635
-0.376584
-0.373631
-0.372098
-0.372007
-0.373089
-0.374919
-0.377023
-0.379055
-0.380778
-0.382159
-0.383303
-0.384412
-0.385749
-0.387527
-0.389871
-0.392797
-0.396177
-0.399829
-0.403489
-0.406868
-0.409697
-0.411702
-0.412625
-0.412231
-0.410268
-0.406455
-0.400494
-0.392084
-0.381005
-0.367291
-0.351504
-0.334966
-0.319796
-0.308444
-0.302801
-0.303329
-0.308925
-0.317584
-0.32741
-0.337263
-0.346774
-0.356071
-0.365434
-0.375046
-0.384843
-0.394449
-0.403324
-0.410914
-0.416822
-0.420879
-0.423109
-0.423668
-0.422804
-0.42074
-0.417753
-0.414062
-0.409868
-0.405352
-0.400683
-0.396026
-0.391476
-0.387109
-0.382975
-0.379159
-0.375793
-0.373114
-0.371477
-0.371137
-0.37221
-0.37458
-0.377939
-0.381859
-0.38595
-0.389941
-0.393687
-0.397163
-0.400414
-0.403467
-0.406337
-0.408996
-0.411354
-0.413297
-0.414691
-0.415415
-0.415398
-0.414562
-0.412909
-0.410497
-0.407495
-0.404168
-0.400788
-0.397624
-0.394844
-0.392508
-0.390509
-0.388695
-0.386859
-0.384825
-0.382474
-0.379724
-0.3766
-0.373174
-0.369634
-0.366286
-0.36356
-0.361954
-0.36188
-0.363572
-0.36696
-0.371709
-0.377271
-0.383086
-0.388624
-0.393503
-0.397458
-0.400297
-0.401865
-0.40202
-0.400565
-0.397296
-0.391954
-0.384353
-0.374514
-0.362877
-0.350591
-0.339488
-0.331667
-0.328604
-0.330292
-0.335412
-0.342116
-0.349026
-0.355502
-0.36148
-0.36714
-0.372571
-0.377683
-0.382223
-0.385921
-0.388549
-0.390025
-0.39043
-0.389941
-0.388867
-0.387504
-0.38617
-0.38513
-0.384568
-0.384582
-0.385191
-0.38632
-0.387902
-0.389757
-0.391766
-0.393798
-0.395728
-0.397475
-0.398955
-0.400098
-0.400859
-0.40118
-0.40102
-0.400316
-0.399043
-0.397166
-0.394649
-0.391453
-0.387631
-0.383258
-0.378489
-0.37358
-0.36888
-0.36484
-0.361917
-0.36048
-0.360727
-0.362588
-0.365775
-0.369811
-0.374175
-0.378367
-0.381981
-0.384733
-0.386452
-0.387105
-0.386758
-0.385581
-0.383785
-0.381701
-0.379655
-0.378002
-0.377026
-0.37694
-0.377824
-0.379631
-0.382196
-0.385276
-0.38859
-0.391873
-0.394875
-0.397425
-0.399367
-0.40061
-0.401094
-0.400812
-0.399797
-0.39819
-0.396226
-0.39411
-0.392682
-0.392128
-0.392724
-0.394543
-0.397415
-0.400982
-0.404807
-0.408512
-0.411759
-0.414374
-0.41624
-0.417362
-0.417825
-0.417757
-0.417322
-0.416716
-0.4161
-0.415635
-0.415404
-0.415441
-0.415694
-0.416088
-0.416494
-0.416776
-0.416802
-0.416442
-0.415582
-0.414119
-0.41195
-0.408979
-0.405062
-0.400098
-0.394048
-0.387014
-0.379446
-0.372317
-0.366987
-0.364899
-0.366878
-0.372693
-0.381142
-0.390661
-0.399883
-0.407987
-0.414653
-0.419833
-0.423702
-0.426393
-0.428101
-0.428962
-0.42909
-0.428572
-0.4275
-0.425954
-0.424029
-0.421828
-0.419478
-0.417085
-0.414806
-0.412758
-0.41106
-0.409776
-0.408946
-0.408527
-0.408465
-0.408674
-0.409059
-0.409555
-0.41013
-0.410778
-0.411474
-0.412234
-0.413036
-0.413869
-0.414671
-0.415407
-0.416001
-0.416392
-0.416555
-0.416478
-0.416176
-0.415727
-0.415218
-0.414763
-0.414459
-0.414413
-0.414679
-0.415269
-0.416151
-0.417234
-0.418413
-0.419559
-0.420548
-0.421345
-0.421923
-0.422347
-0.422705
-0.423129
-0.423698
-0.424487
-0.425467
-0.426591
-0.427757
-0.428825
-0.429661
-0.430157
-0.430199
-0.429701
-0.428619
-0.426954
-0.424775
-0.422254
-0.419671
-0.417398
-0.415814
-0.415266
-0.415929
-0.417764
-0.420526
-0.42378
-0.427082
-0.430066
-0.432588
-0.434715
-0.43672
-0.438954
-0.441703
-0.445084
-0.448974
-0.453105
-0.45714
-0.460813
-0.463943
-0.466499
-0.468499
-0.47003
-0.471203
-0.472093
-0.472731
-0.473097
-0.473128
-0.47274
-0.471797
-0.470194
-0.467849
-0.464727
-0.460841
-0.456277
-0.451176
-0.445778
-0.440351
-0.435211
-0.430664
-0.427007
-0.424481
-0.423184
-0.423101
-0.424065
-0.42581
-0.428027
-0.430434
-0.432828
-0.435148
-0.437407
-0.439764
-0.442304
-0.445107
-0.448083
-0.451039
-0.45374
-0.455912
-0.457377
-0.458022
-0.45783
-0.456831
-0.455111
-0.452791
-0.450058
-0.447138
-0.444342
-0.442022
-0.440512
-0.440059
-0.440783
-0.442622
-0.445364
-0.448728
-0.452374
-0.456051
-0.45955
-0.462725
-0.465503
-0.467814
-0.469594
-0.470773
-0.471234
-0.47084
-0.469433
-0.466853
-0.463009
-0.45794
-0.451989
-0.445779
-0.440246
-0.436346
-0.434752
-0.435495
-0.438015
-0.441439
-0.444946
-0.448032
-0.450505
-0.452445
-0.454075
-0.455644
-0.457326
-0.459256
-0.461423
-0.46375
-0.46612
-0.468393
-0.470449
-0.472186
-0.473545
-0.474494
-0.475041
-0.475179
-0.474929
-0.474298
-0.473308
-0.471962
-0.470253
-0.468174
-0.465673
-0.462738
-0.459341
-0.455483
-0.451179
-0.446508
-0.441597
-0.436714
-0.432129
-0.428226
-0.42538
-0.423935
-0.424111
-0.425924
-0.429183
-0.433503
-0.438411
-0.443445
-0.448131
-0.452113
-0.455152
-0.457076
-0.457828
-0.4574
-0.455913
-0.453589
-0.450769
-0.447895
-0.445437
-0.443755
-0.442983
-0.442974
-0.443347
-0.443586
-0.443222
-0.442011
-0.439954
-0.437364
-0.434792
-0.432884
-0.432125
-0.432654
-0.434229
-0.436282
-0.438192
-0.439452
-0.439788
-0.43912
-0.437536
-0.43521
-0.432311
-0.429011
-0.42544
-0.42164
-0.417688
-0.41364
-0.409567
-0.40563
-0.40207
-0.399188
-0.397288
-0.396602
-0.397204
-0.398983
-0.401683
-0.404945
-0.408359
-0.411559
-0.414247
-0.416155
-0.417043
-0.416751
-0.415107
-0.412041
-0.407578
-0.401965
-0.395684
-0.389506
-0.384303
-0.38081
-0.379348
-0.3797
-0.38138
-0.383941
-0.387199
-0.391235
-0.396205
-0.402041
-0.40846
-0.415016
-0.42126
-0.426842
-0.431593
-0.435476
-0.438533
-0.440864
-0.442552
-0.443652
-0.444235
-0.444318
-0.443925
-0.443057
-0.441699
-0.439869
-0.437572
-0.434825
-0.43177
-0.428634
-0.425806
-0.423776
-0.423025
-0.423806
-0.426066
-0.429306
-0.432856
-0.436009
-0.438173
-0.439025
-0.438476
-0.43666
-0.433853
-0.430465
-0.426935
-0.423711
-0.421084
-0.419162
-0.417872
-0.41696
-0.416212
-0.415599
-0.415369
-0.416158
-0.418674
-0.423411
-0.430338
-0.4388
-0.447778
-0.456253
-0.463458
-0.468925
-0.472452
-0.474087
-0.474004
-0.472441
-0.4697
-0.466133
-0.462089
-0.457909
-0.453953
-0.450515
-0.447802
-0.445983
-0.445097
-0.445022
-0.445555
-0.446367
-0.447104
-0.447473
-0.44726
-0.446397
-0.444919
-0.442974
-0.440763
-0.438501
-0.436437
-0.434756
-0.433607
-0.432983
-0.432774
-0.43277
-0.43269
-0.432251
-0.431252
-0.429542
-0.427089
-0.423937
-0.420231
-0.416202
-0.412199
-0.408676
-0.406143
-0.405125
-0.405961
-0.408751
-0.413234
-0.418906
-0.425124
-0.431276
-0.436865
-0.44159
-0.44527
-0.447873
-0.449431
-0.450062
-0.449906
-0.449122
-0.447847
-0.446169
-0.44412
-0.44166
-0.438637
-0.434913
-0.430331
-0.424889
-0.418821
-0.412685
-0.407318
-0.403593
-0.40205
-0.402666
-0.404806
-0.407484
-0.409759
-0.410931
-0.410676
-0.408941
-0.405895
-0.401799
-0.396992
-0.391839
-0.386759
-0.382209
-0.378655
-0.376449
-0.375813
-0.376785
-0.379203
-0.382766
-0.387082
-0.391702
-0.39615
-0.400034
-0.403053
-0.405032
-0.405939
-0.405859
-0.40497
-0.403489
-0.401641
-0.399672
-0.397771
-0.396075
-0.394667
-0.393554
-0.392748
-0.392235
-0.392013
-0.392136
-0.392647
-0.39358
-0.394916
-0.396557
-0.398315
-0.399958
-0.401193
-0.40179
-0.401552
-0.400322
-0.398075
-0.394807
-0.390628
-0.3857
-0.380253
-0.374559
-0.368917
-0.363633
-0.359012
-0.355342
-0.352882
-0.351819
-0.352215
-0.353937
-0.356703
-0.360129
-0.363813
-0.367403
-0.370679
-0.373494
-0.375818
-0.377636
-0.37895
-0.379719
-0.379853
-0.379246
-0.377787
-0.375439
-0.372236
-0.368429
-0.364455
-0.360882
-0.358258
-0.356947
-0.357002
-0.358122
-0.359787
-0.361426
-0.362592
-0.363038
-0.362782
-0.362054
-0.361211
-0.360595
-0.360466
-0.360877
-0.361704
-0.362685
-0.363564
-0.364158
-0.364393
-0.364311
-0.364039
-0.363724
-0.36347
-0.36335
-0.363337
-0.363298
-0.363102
-0.362492
-0.361258
-0.359212
-0.356248
-0.352398
-0.347878
-0.343074
-0.338544
-0.334917
-0.332745
-0.332385
-0.333847
-0.336866
-0.340926
-0.345453
-0.349925
-0.353936
-0.357224
-0.359668
-0.361248
-0.361999
-0.362022
-0.361461
-0.360466
-0.35926
-0.358092
-0.357164
-0.356657
-0.356697
-0.357324
-0.358439
-0.359912
-0.361513
-0.363028
-0.364267
-0.365066
-0.365324
-0.364965
-0.363983
-0.36239
-0.360257
-0.357681
-0.354841
-0.351891
-0.349025
-0.34639
-0.344092
-0.342145
-0.340514
-0.339114
-0.337869
-0.33673
-0.335739
-0.334991
-0.334666
-0.33491
-0.335895
-0.337653
-0.340147
-0.343207
-0.346602
-0.350086
-0.353387
-0.356328
-0.358764
-0.360634
-0.36194
-0.362701
-0.362977
-0.362836
-0.362374
-0.361684
-0.360832
-0.359911
-0.358997
-0.358146
-0.3574
-0.356799
-0.356356
-0.356084
-0.355964
-0.355996
-0.356178
-0.356517
-0.357009
-0.357659
-0.358471
-0.359431
-0.360565
-0.361811
-0.363181
-0.364623
-0.366086
-0.367545
-0.368965
-0.370306
-0.371521
-0.372608
-0.373543
-0.3743
-0.374878
-0.375243
-0.375411
-0.37537
-0.375128
-0.374689
-0.374033
-0.373175
-0.37207
-0.370709
-0.369114
-0.367315
-0.36539
-0.363477
-0.361744
-0.360324
-0.359329
-0.35877
-0.358663
-0.359002
-0.359748
-0.360842
-0.362269
-0.36397
-0.365873
-0.367924
-0.370107
-0.372456
-0.375031
-0.377893
-0.381105
-0.384705
-0.388661
-0.392905
-0.397291
-0.401599
-0.405589
-0.408991
-0.411557
-0.41312
-0.413583
-0.412989
-0.411495
-0.409372
-0.406973
-0.404644
-0.402638
-0.401027
-0.39966
-0.398198
-0.396192
-0.393261
-0.389158
-0.383879
-0.377658
-0.370976
-0.36445
-0.358714
-0.354327
-0.351626
-0.350745
-0.351575
-0.353916
-0.357424
-0.361722
-0.366452
-0.371294
-0.376061
-0.380601
-0.384846
-0.388782
-0.392377
-0.395625
-0.398513
-0.401054
-0.403256
-0.405109
-0.406623
-0.407829
-0.408744
-0.409357
-0.409685
-0.409679
-0.409342
-0.408642
-0.407546
-0.406009
-0.404009
-0.401535
-0.398581
-0.39515
-0.391301
-0.387122
-0.382723
-0.378271
-0.373944
-0.369903
-0.366334
-0.363367
-0.361156
-0.359856
-0.359587
-0.360476
-0.362592
-0.365858
-0.370104
-0.375063
-0.380384
-0.385741
-0.390885
-0.395598
-0.399789
-0.403402
-0.406432
-0.408911
-0.410875
-0.412357
-0.413378
-0.413972
-0.414143
-0.413924
-0.413334
-0.412443
-0.41133
-0.410136
-0.409032
-0.40821
-0.407838
-0.408033
-0.408831
-0.41016
-0.41187
-0.413743
-0.415594
-0.417248
-0.418597
-0.419587
-0.420226
-0.420579
-0.420693
-0.4206
-0.420258
-0.419496
-0.418052
-0.415576
-0.411744
-0.4065
-0.400365
-0.394602
-0.391078
-0.391505
-0.396396
-0.404691
-0.41441
-0.423649
-0.431222
-0.436762
-0.440442
-0.442721
-0.444034
-0.444792
-0.44522
-0.44543
-0.445434
-0.445165
-0.444467
-0.443234
-0.441301
-0.43862
-0.43518
-0.431083
-0.426547
-0.421867
-0.417353
-0.413258
-0.409689
-0.406633
-0.404037
-0.401872
-0.400201
-0.399132
-0.398691
-0.398804
-0.399311
-0.400012
-0.400764
-0.401503
-0.402142
-0.402628
-0.4029
-0.402996
-0.403059
-0.403367
-0.404306
-0.406216
-0.409322
-0.413627
-0.418885
-0.424727
-0.430699
-0.436375
-0.441425
-0.445673
-0.449054
-0.451566
-0.453295
-0.454347
-0.454818
-0.454783
-0.454321
-0.453428
-0.452084
-0.450207
-0.447657
-0.444242
-0.439723
-0.433817
-0.426254
-0.416784
-0.405296
-0.391915
-0.377147
-0.361912
-0.347593
-0.335819
-0.3281
-0.325321
-0.327335
-0.333055
-0.340845
-0.34911
-0.356681
-0.362983
-0.367969
-0.37196
-0.375444
-0.378941
-0.382804
-0.387181
-0.391979
-0.396918
-0.401624
-0.405747
-0.408977
-0.411128
-0.412104
-0.411903
-0.410567
-0.408174
-0.404842
-0.400683
-0.395821
-0.390421
-0.384641
-0.378666
-0.372638
-0.366708
-0.36099
-0.355592
-0.350663
-0.346413
-0.34316
-0.341328
-0.341245
-0.343083
-0.346663
-0.351506
-0.356989
-0.362493
-0.367534
-0.371838
-0.375285
-0.377912
-0.379792
-0.381052
-0.381794
-0.382156
-0.382223
-0.382074
-0.381779
-0.381393
-0.380942
-0.380472
-0.379998
-0.379567
-0.379176
-0.378867
-0.378644
-0.37853
-0.378535
-0.378665
-0.378909
-0.379251
-0.379653
-0.380084
-0.380489
-0.380828
-0.381019
-0.381001
-0.38067
-0.379977
-0.378853
-0.377261
-0.375178
-0.372627
-0.369682
-0.366421
-0.362987
-0.359528
-0.356227
-0.353226
-0.350676
-0.348658
-0.347276
-0.346661
-0.346949
-0.348253
-0.350611
-0.353896
-0.357796
-0.36189
-0.365732
-0.368946
-0.371319
-0.372782
-0.373474
-0.373672
-0.373749
-0.374133
-0.37517
-0.377055
-0.379753
-0.383071
-0.386667
-0.390208
-0.393386
-0.395984
-0.397865
-0.398931
-0.399145
-0.398454
-0.396814
-0.394218
-0.390663
-0.386213
-0.381048
-0.375488
-0.370034
-0.365362
