-0.416962   -0.33545   0.0472731
-0.0456277   0.48075   -0.252732
0.253835   -0.173956   -0.410692
0.222791   -0.488133   0.323124
-0.119398   0.306035   0.376023
-0.315941   -0.27447   -0.388395
-0.193944   0.174756   -0.217302
-0.0263639   0.144466   -0.426209
0.311886   -0.450702   0.451098
0.185839   -0.290858   -0.216446
0.404035   0.350774   -0.186796
0.418098   0.272449   -0.226383
0.174753   0.183003   0.321105
-0.333904   -0.215481   0.49339
0.484413   0.199938   -0.221836
-0.267823   -0.310743   -0.0697511
-0.0722365   -0.0113514   0.441848
-0.248891   -0.181784   -0.257827
-0.0253364   0.353364   0.408804
-0.0647449   -0.210878   -0.397216
-0.103953   -0.264325   0.0275342
0.0174374   -0.285515   -0.381961
0.16595   -0.238616   -0.14254
0.416376   0.342183   -0.0957723
0.374811   0.261936   -0.346098
-0.2816   0.344755   0.406249
0.246387   0.480434   -0.415044
0.328304   0.0592125   0.489818
-0.0420414   -0.185527   0.433089
-0.155136   -0.479898   0.367317
-0.42066   0.381689   -0.24976
0.124236   -0.048175   -0.281003
0.168479   -0.115717   0.358689
0.164598   0.418216   0.406363
0.0356172   0.0819375   -0.182044
-0.49092   0.105584   -0.422145
0.484258   -0.182773   0.0165287
-0.313954   -0.418063   0.233595
0.349658   -0.476374   -0.113885
-0.463001   -0.312986   -0.246571
-0.316917   -0.00580814   0.235363
0.498043   0.457022   -0.276143
-0.336908   -0.458346   0.157149
-0.202789   -0.0835745   -0.289441
-0.176077   -0.339636   -0.444373
0.3641   -0.356658   -0.0468985
0.443135   -0.482239   0.27549
0.145249   0.089018   -0.213737
0.32857   -0.371831   -0.353016
-0.172665   0.496387   -0.215137
0.313999   -0.0232096   -0.0381471
0.389827   -0.168466   -0.0995941
0.485263   -0.462093   -0.198168
0.181868   -0.10515   -0.150878
-0.25502   0.159918   -0.125526
-0.375077   -0.0114269   0.143449
0.405441   -0.0596037   -0.193176
0.20136   0.136463   -0.02194
0.49329   0.211993   0.073174
-0.279885   -0.370849   -0.250414
-0.36786   0.305976   -0.293517
-0.0415342   0.31831   -0.109498
0.238105   -0.0525393   -0.0438471
0.00390076   0.301819   0.162998
0.450335   -0.199082   -0.358494
0.100978   0.246428   -0.300301
0.184881   -0.0227037   -0.219142
0.130852   0.32177   -0.355604
0.3632   0.231655   -0.0810162
0.291609   -0.0353374   0.428434
0.243237   0.370999   -0.0899964
0.247999   0.0595162   -0.197682
-0.109586   0.344856   0.173782
-0.0298283   -0.308899   0.0134605
0.441858   -0.136641   -0.300366
0.0382899   0.294691   -0.0300536
0.215455   -0.477577   -0.190642
0.0228901   0.422133   0.131098
0.388529   -0.343507   0.418532
-0.231559   -0.366214   0.299202
0.0218982   -0.0144817   -0.00157871
0.382344   0.370606   0.0157311
0.286811   0.462142   0.105674
0.353466   0.375122   0.447364
-0.415279   -0.0747426   -0.0670981
-0.114283   -0.135405   -0.419432
-0.405776   -0.0122   0.222714
-0.427647   -0.0995315   0.334446
-0.301622   -0.469791   0.312084
0.201044   0.000321639   -0.426857
-0.228644   0.230678   -0.399767
-0.40735   -0.274558   0.433365
0.157051   -0.441177   0.052787
-0.469995   0.0300846   -0.411543
0.342734   0.0889666   -0.0310478
0.202227   -0.181092   -0.281906
0.150889   0.383748   -0.458824
-0.36507   0.0539768   -0.215424
-0.33159   -0.143166   -0.281728
0.329998   -0.146188   -0.304141
0.292868   0.178752   0.265924
0.371743   -0.361827   -0.475048
-0.237658   0.0621194   0.394268
-0.0535491   -0.0670387   0.23539
0.227037   0.33779   -0.174431
0.302458   0.011989   -0.241553
0.396708   0.264874   0.245007
0.348011   -0.0901854   0.0152901
