 0 0 0
 0.064633 0 0
 0.129266 0 0
 0.193899 0 0
 0.258532 0 0
 0.323165 0 0
 0.387798 0 0
 0.452431 0 0
 0.517064 0 0
 0.581697 0 0
 0.64633 0 0
 0.710963 0 0
 0.775596 0 0
 0.84023 0.000640947 0.000163085
 0.904863 0.0972294 0.00207338
 0.969496 0.644906 0.00875879
 1.03413 1.16812 0.0152465
 1.09876 1.2197 0.0144791
 1.16339 1.06118 0.0116098
 1.22803 0.877539 0.00908415
 1.29266 0.737021 0.00746967
 1.35729 0.626839 0.0062289
 1.42193 0.54715 0.00510526
 1.48656 0.487787 0.00404075
 1.55119 0.441251 0.0037849
 1.61583 0.407363 0.00320881
 1.68046 0.384319 0.00324111
 1.74509 0.362012 0.00291204
 1.80973 0.343373 0.00300633
 1.87436 0.329663 0.00271105
 1.93899 0.315779 0.00271453
 2.00362 0.304163 0.00250526
 2.06826 0.294725 0.00218489
 2.13289 0.284654 0.0021487
 2.19752 0.27566 0.00208599
 2.26216 0.266676 0.00186543
 2.32679 0.257816 0.00162879
 2.39142 0.249636 0.00145848
 2.45606 0.242963 0.00140929
 2.52069 0.236525 0.0013329
 2.58532 0.23085 0.00122411
 2.64995 0.223623 0.00114165
 2.71459 0.21712 0.00117709
 2.77922 0.212428 0.00115834
 2.84385 0.207757 0.0011611
 2.90849 0.203167 0.00104605
 2.97312 0.198959 0.00103521
 3.03775 0.19392 0.00094327
 3.10239 0.189354 0.000864632
 3.16702 0.185265 0.000852953
 3.23165 0.181105 0.000816674
 3.29629 0.17729 0.000820587
 3.36092 0.173946 0.000821704
 3.42555 0.170984 0.000851696
 3.49018 0.167122 0.000780007
 3.55482 0.163875 0.000777644
 3.61945 0.160852 0.000734235
 3.68408 0.158085 0.000683617
 3.74872 0.155855 0.000659274
 3.81335 0.152682 0.000671776
 3.87798 0.150092 0.000629876
 3.94262 0.147442 0.000619846
 4.00725 0.14502 0.000572863
 4.07188 0.143423 0.000536263
 4.13651 0.141133 0.000518667
 4.20115 0.139064 0.000488575
 4.26578 0.136845 0.000474842
 4.33041 0.134956 0.000455759
 4.39505 0.132682 0.000432003
 4.45968 0.131044 0.000434442
 4.52431 0.12889 0.000418738
 4.58895 0.126986 0.00041382
 4.65358 0.125436 0.00038871
 4.71821 0.123631 0.000374379
 4.78285 0.12181 0.000362234
 4.84748 0.1199 0.000352441
 4.91211 0.118615 0.000352683
 4.97674 0.116902 0.000341192
 5.04138 0.115263 0.000317144
 5.10601 0.114067 0.00031578
 5.17064 0.112806 0.000290549
 5.23528 0.111426 0.00028607
 5.29991 0.110031 0.00027073
 5.36454 0.108716 0.000266256
 5.42918 0.107432 0.000269824
 5.49381 0.106245 0.00027986
 5.55844 0.104847 0.000260545
 5.62307 0.103564 0.000265788
 5.68771 0.102503 0.000264007
 5.75234 0.101319 0.000250627
 5.81697 0.100128 0.000222774
 5.88161 0.0989709 0.000224963
 5.94624 0.0978417 0.000192788
 6.01087 0.096762 0.000199737
 6.07551 0.0957782 0.000187865
 6.14014 0.0947591 0.000194678
 6.20477 0.0938762 0.000195891
 6.2694 0.0928298 0.00019265
 6.33404 0.0919499 0.000183159
 6.39867 0.0910395 0.00016953
