1 0.0479484 0.0479484 0
2 0.0465565 0.0472524 0.000695954
3 0.0493204 0.0479417 0.000797881
4 0.0491033 0.0482321 0.000634534
5 0.0464985 0.0478854 0.000601495
6 0.0482599 0.0479478 0.000495069
7 0.0496302 0.0481882 0.000482526
8 0.0487806 0.0482622 0.00042439
9 0.0518524 0.0486611 0.000547006
10 0.0463076 0.0484258 0.000542922
11 0.0483652 0.0484203 0.000491122
12 0.0494928 0.0485096 0.000457153
13 0.0522594 0.0487981 0.000509939
14 0.0494317 0.0488433 0.000474276
15 0.0482219 0.0488019 0.000443466
16 0.0491875 0.048826 0.000415524
17 0.0502039 0.0489071 0.000398643
18 0.0495082 0.0489405 0.000377325
19 0.0480449 0.0488933 0.000360012
20 0.050654 0.0489814 0.0003527
21 0.0503959 0.0490487 0.000342181
22 0.0495307 0.0490706 0.000326991
23 0.0481632 0.0490312 0.000314932
24 0.0483912 0.0490045 0.000302701
25 0.0486796 0.0489915 0.000290631
26 0.0491517 0.0489977 0.000279298
27 0.046998 0.0489236 0.000278773
28 0.0485735 0.0489111 0.000268923
29 0.047316 0.0488561 0.00026525
30 0.052027 0.0489618 0.000277198
31 0.0507882 0.0490207 0.000274504
32 0.0494188 0.0490332 0.000266079
33 0.051736 0.0491151 0.000270583
34 0.0488922 0.0491085 0.000262586
35 0.0499034 0.0491312 0.000255983
36 0.0489763 0.0491269 0.000248808
37 0.0504735 0.0491633 0.000244711
38 0.050589 0.0492008 0.000241121
39 0.0500049 0.0492214 0.00023576
40 0.0485756 0.0492053 0.000230357
41 0.0495675 0.0492141 0.000224842
42 0.0478349 0.0491813 0.000221867
43 0.0482258 0.0491591 0.000217783
44 0.0471263 0.0491129 0.000217733
45 0.0484051 0.0490971 0.00021342
46 0.0497638 0.0491116 0.000209232
47 0.0484575 0.0490977 0.000205204
48 0.0494029 0.0491041 0.000200984
49 0.0474355 0.04907 0.000199763
50 0.049447 0.0490776 0.000195872
51 0.0472952 0.0490426 0.000195148
52 0.0497553 0.0490563 0.000191849
53 0.0502962 0.0490797 0.000189643
54 0.0509415 0.0491142 0.000189264
55 0.0494435 0.0491202 0.000185888
56 0.0481396 0.0491027 0.000183376
57 0.0510217 0.0491363 0.00018325
58 0.0503915 0.049158 0.000181358
59 0.0481273 0.0491405 0.000179112
60 0.0489506 0.0491373 0.00017613
61 0.0480415 0.0491194 0.000174147
62 0.0489785 0.0491171 0.00017133
63 0.0496181 0.0491251 0.000168776
64 0.0515239 0.0491625 0.000170294
65 0.0479973 0.0491446 0.00016861
66 0.0479224 0.0491261 0.000167065
67 0.0495049 0.0491317 0.00016465
68 0.0480825 0.0491163 0.000162943
69 0.0497443 0.0491254 0.000160821
70 0.0484293 0.0491155 0.000158819
71 0.051107 0.0491435 0.000159059
72 0.0497518 0.049152 0.000157062
73 0.0495168 0.049157 0.000154976
74 0.0503994 0.0491738 0.000153787
75 0.050812 0.0491956 0.000153287
76 0.0469772 0.0491664 0.000154047
77 0.0487764 0.0491613 0.000152118
78 0.0491442 0.0491611 0.000150155
79 0.0485904 0.0491539 0.000148418
80 0.0497044 0.0491608 0.000146712
81 0.0481644 0.0491485 0.000145411
82 0.0475905 0.0491295 0.000144878
83 0.0491893 0.0491302 0.000143124
84 0.0488801 0.0491272 0.000141441
85 0.0494793 0.0491314 0.000139828
86 0.0508113 0.0491509 0.000139567
87 0.0493604 0.0491533 0.000137974
88 0.0492205 0.0491541 0.000136399
89 0.0503691 0.0491677 0.000135547
90 0.0500542 0.0491776 0.000134394
91 0.0483957 0.049169 0.000133187
92 0.0504136 0.0491825 0.000132424
93 0.0494056 0.0491849 0.000131014
94 0.0500616 0.0491942 0.000129948
95 0.0519379 0.0492231 0.000131776
96 0.0499238 0.0492304 0.000130601
97 0.0496545 0.0492348 0.000129321
98 0.0505205 0.0492479 0.000128665
99 0.050399 0.0492595 0.000127889
100 0.0461773 0.0492287 0.000130301
