1 -0.345674 -0.345674 0
2 -0.435286 -0.39048 0.0448061
3 -0.531793 -0.437584 0.0537403
4 -0.473907 -0.446665 0.03907
5 -0.442052 -0.445742 0.0302776
6 -0.456011 -0.447454 0.0247807
7 -0.457276 -0.448857 0.0209905
8 -0.424176 -0.445772 0.0184382
9 -0.38197 -0.438683 0.0177391
10 -0.416646 -0.436479 0.0160186
11 -0.45195 -0.437886 0.0145575
12 -0.417178 -0.43616 0.0134007
13 -0.425574 -0.435346 0.0123537
14 -0.379427 -0.431351 0.0121147
15 -0.367455 -0.427092 0.0120558
16 -0.320156 -0.420408 0.0131089
17 -0.382353 -0.41817 0.0125155
18 -0.37674 -0.415868 0.0120221
19 -0.390139 -0.414514 0.0114521
20 -0.381779 -0.412877 0.010987
21 -0.349561 -0.409862 0.010877
22 -0.336184 -0.406513 0.0108981
23 -0.35416 -0.404237 0.0106594
24 -0.412333 -0.404574 0.0102112
25 -0.388651 -0.403937 0.00981489
26 -0.355479 -0.402073 0.00961226
27 -0.38453 -0.401424 0.00927219
28 -0.423021 -0.402195 0.00896814
29 -0.384285 -0.401577 0.00867538
30 -0.39084 -0.40122 0.00838885
31 -0.406933 -0.401404 0.00811583
32 -0.401395 -0.401404 0.00785812
33 -0.401373 -0.401403 0.00761627
34 -0.384017 -0.400891 0.00740654
35 -0.384291 -0.400417 0.00720743
36 -0.382493 -0.399919 0.00702204
37 -0.405206 -0.400062 0.00683111
38 -0.404211 -0.400171 0.00664981
39 -0.402808 -0.400239 0.00647741
40 -0.384187 -0.399838 0.00632614
41 -0.406798 -0.400007 0.00617225
42 -0.386968 -0.399697 0.0060315
43 -0.437576 -0.400578 0.00595507
44 -0.396806 -0.400492 0.00581879
45 -0.456199 -0.40173 0.00582117
46 -0.423512 -0.402203 0.00571287
47 -0.344272 -0.400971 0.00572428
48 -0.357988 -0.400075 0.00567485
49 -0.388077 -0.399831 0.00556322
50 -0.385522 -0.399544 0.00545833
51 -0.3638 -0.398844 0.00539594
52 -0.413712 -0.399129 0.00529888
53 -0.400857 -0.399162 0.00519804
54 -0.384816 -0.398896 0.00510778
55 -0.376498 -0.398489 0.00503057
56 -0.377872 -0.398121 0.00495362
57 -0.343795 -0.397168 0.0049584
58 -0.375916 -0.396801 0.00488592
59 -0.403919 -0.396922 0.0048039
60 -0.394787 -0.396887 0.0047233
61 -0.406067 -0.397037 0.00464766
62 -0.366565 -0.396546 0.00459842
63 -0.420504 -0.396926 0.00454079
64 -0.432186 -0.397477 0.00450311
65 -0.42262 -0.397864 0.00445013
66 -0.385053 -0.397669 0.00438649
67 -0.398924 -0.397688 0.00432056
68 -0.416439 -0.397964 0.00426547
69 -0.357967 -0.397384 0.00424298
70 -0.390623 -0.397288 0.00418304
71 -0.419084 -0.397595 0.00413512
72 -0.451772 -0.398347 0.00414613
73 -0.426359 -0.398731 0.00410691
74 -0.410231 -0.398886 0.00405401
75 -0.420637 -0.399176 0.00401009
76 -0.443643 -0.399761 0.004
77 -0.429039 -0.400142 0.00396598
78 -0.373768 -0.399803 0.00392938
79 -0.421634 -0.40008 0.00388915
80 -0.393202 -0.399994 0.00384119
81 -0.352403 -0.399406 0.0038387
82 -0.374644 -0.399104 0.0038036
83 -0.352537 -0.398543 0.00379915
84 -0.389562 -0.398436 0.00375518
85 -0.388732 -0.398322 0.00371249
86 -0.421275 -0.398589 0.00367876
87 -0.423534 -0.398876 0.00364752
88 -0.436331 -0.399301 0.00363086
89 -0.399247 -0.399301 0.00358984
90 -0.376626 -0.399049 0.00355866
91 -0.384719 -0.398891 0.00352285
92 -0.374815 -0.39863 0.00349416
93 -0.394342 -0.398584 0.0034567
94 -0.377989 -0.398365 0.00342674
95 -0.359262 -0.397953 0.00341537
96 -0.400101 -0.397975 0.00337968
97 -0.428812 -0.398293 0.00335973
98 -0.407733 -0.39839 0.00332666
99 -0.399129 -0.398397 0.0032929
100 -0.395264 -0.398366 0.00325995
