0.441369   -0.36058   0.493036
-0.437877   0.360311   -0.327633
0.37915   0.0349118   0.0220856
-0.240367   -0.207172   -0.481602
-0.389276   -0.0636516   -0.352527
-0.0758339   -0.254366   0.410182
-0.0246035   0.112488   0.45667
-0.305576   -0.328856   -0.451667
-0.498046   -0.233078   0.451031
0.127744   0.259333   0.309472
-0.150702   -0.151698   0.226252
0.0512165   0.134156   0.274443
-0.129171   -0.459121   0.323893
-0.335302   0.114608   -0.174433
0.0125126   0.341879   -0.235762
-0.122311   -0.108323   -0.43669
-0.236795   -0.24741   -0.394634
-0.0527503   -0.349501   -0.385941
0.49531   -0.275574   0.0472169
-0.26206   0.0344711   -0.0966321
0.428335   -0.319624   -0.4353
0.169302   0.454156   -0.307299
0.117293   -0.28117   -0.210941
-0.348466   -0.241375   -0.443662
0.307075   -0.496104   -0.386429
0.18017   -0.062591   0.273681
0.172583   0.281725   0.397114
-0.00614332   -0.141018   0.395682
-0.164718   0.0928181   -0.0723252
-0.40423   -0.302756   -0.388683
-0.433845   0.455902   0.460218
0.0326371   0.204543   -0.235054
-0.104101   0.00495573   0.210944
-0.340181   0.00619979   -0.171656
0.403547   0.0255652   -0.476598
0.454732   0.493215   0.0196061
0.0683838   -0.23898   0.034441
-0.376752   0.0458055   -0.287643
0.483842   -0.402211   -0.333888
-0.217428   0.295668   0.362999
-0.235775   0.0818564   0.107797
-0.443877   0.285166   0.432847
-0.380299   -0.136818   0.330255
-0.20234   -0.0300144   -0.0374802
-0.441929   0.130361   -0.489113
0.279309   0.477183   -0.457102
-0.416129   -0.373847   0.0490153
-0.0642726   0.089937   0.26239
-0.486755   -0.483885   -0.420548
-0.07554   -0.480916   0.193802
-0.0168471   -0.279329   0.349245
0.232028   -0.211921   -0.3977
-0.191637   -0.313434   -0.340054
0.431008   -0.381345   0.0690819
-0.245426   -0.173489   -0.344919
-0.326515   0.176417   0.483449
-0.0255989   0.464563   0.158838
-0.397553   -0.108111   -0.275091
0.145166   0.155204   -0.282378
0.265289   -0.0370912   -0.13262
0.106692   0.153765   0.43453
0.308658   0.197646   0.301992
0.139989   -0.13959   0.257398
0.424005   0.357231   0.443977
-0.0701795   -0.195049   -0.410681
-0.199635   0.445822   0.442786
-0.0971237   0.112225   0.109459
0.439114   0.169414   -0.474515
-0.288515   0.144857   -0.276988
0.417421   -0.390157   -0.40204
-0.0312657   -0.457064   0.123418
0.0324377   0.372244   0.195169
-0.364654   0.201298   -0.422064
0.0886512   -0.17015   -0.312404
0.330555   -0.297921   0.0303972
0.402324   -0.498867   0.468172
0.409371   0.222057   -0.322183
-0.114036   -0.126753   -0.260214
-0.42377   -0.370897   0.253637
-0.0911762   -0.208107   -0.0860009
0.441402   -0.446812   -0.480527
0.40568   -0.285327   0.496602
-0.0581387   -0.281762   -0.21072
-0.20321   -0.291651   -0.468
0.00514199   -0.459146   -0.287855
-0.206386   -0.410739   0.341985
0.254563   -0.0121774   -0.378486
-0.352291   -0.136415   0.20369
0.11805   -0.42329   0.191289
-0.411531   0.250838   -0.498864
0.440047   0.315791   -0.051284
-0.0556753   -0.179794   0.488087
-0.380241   -0.0304033   -0.107826
-0.124117   0.0459452   0.349535
-0.247669   0.474076   -0.489571
0.259988   -0.43102   -0.386511
0.401834   -0.29337   0.12445
-0.177086   -0.194946   0.283006
-0.206127   -0.26902   0.237465
-0.300713   0.461917   -0.0560649
0.358923   -0.128008   -0.326963
-0.105754   -0.178217   0.406374
0.45677   -0.240868   -0.194542
0.466154   -0.166631   0.217172
0.0698885   0.337957   0.417696
0.104051   -0.253201   -0.0699194
-0.457789   -0.33902   0.12563
-0.493293   0.348845   0.256093
