 0 0 0
 0.064633 0 0
 0.129266 0 0
 0.193899 0 0
 0.258532 0 0
 0.323165 0 0
 0.387798 0 0
 0.452431 0 0
 0.517064 0 0
 0.581697 0 0
 0.64633 0 0
 0.710963 0 0
 0.775596 0 0
 0.84023 0.00149057 0.000444404
 0.904863 0.333327 0.00803749
 0.969496 2.25674 0.0220591
 1.03413 4.09341 0.0314651
 1.09876 4.19791 0.0195441
 1.16339 3.69577 0.0375775
 1.22803 3.08692 0.0164346
 1.29266 2.52769 0.0179319
 1.35729 2.18885 0.0122963
 1.42193 1.88599 0.0112679
 1.48656 1.70399 0.0129561
 1.55119 1.55754 0.00857626
 1.61583 1.41978 0.0132342
 1.68046 1.33375 0.00915719
 1.74509 1.26004 0.0119617
 1.80973 1.18307 0.00625616
 1.87436 1.13904 0.00643084
 1.93899 1.10757 0.00937031
 2.00362 1.05884 0.00293126
 2.06826 1.02254 0.00586457
 2.13289 0.99166 0.0053868
 2.19752 0.956734 0.00661128
 2.26216 0.912443 0.00406706
 2.32679 0.888755 0.00539688
 2.39142 0.852495 0.00481127
 2.45606 0.834382 0.00378371
 2.52069 0.803696 0.00459422
 2.58532 0.7855 0.00326032
 2.64995 0.759867 0.00485628
 2.71459 0.73983 0.00316687
 2.77922 0.718332 0.00270968
 2.84385 0.70454 0.00321225
 2.90849 0.68299 0.00273351
 2.97312 0.668399 0.00365641
 3.03775 0.65458 0.00167841
 3.10239 0.640464 0.00186415
 3.16702 0.623666 0.00132592
 3.23165 0.611734 0.00224545
 3.29629 0.59622 0.00199902
 3.36092 0.586786 0.00212616
 3.42555 0.574829 0.00203794
 3.49018 0.5618 0.00154068
 3.55482 0.552882 0.00172256
 3.61945 0.541534 0.0016789
 3.68408 0.531343 0.00234098
 3.74872 0.521805 0.00141003
 3.81335 0.514393 0.00159195
 3.87798 0.506597 0.00069486
 3.94262 0.49516 0.00193459
 4.00725 0.48904 0.0013382
 4.07188 0.47845 0.00145115
 4.13651 0.473432 0.000998887
 4.20115 0.463626 0.000684446
 4.26578 0.456747 0.000757334
 4.33041 0.450244 0.0007647
 4.39505 0.442688 0.00111942
 4.45968 0.435737 0.00108398
 4.52431 0.431569 0.00120692
 4.58895 0.423342 0.000988718
 4.65358 0.417139 0.000951723
 4.71821 0.412028 0.000819659
 4.78285 0.406791 0.000822271
 4.84748 0.400559 0.000971423
 4.91211 0.396343 0.000682202
 4.97674 0.390742 0.00103831
 5.04138 0.384704 0.000683042
 5.10601 0.380375 0.000803138
 5.17064 0.374095 0.000676074
 5.23528 0.37043 0.000570814
 5.29991 0.366897 0.000622956
 5.36454 0.361274 0.00047553
 5.42918 0.357303 0.000600471
 5.49381 0.352905 0.000551381
 5.55844 0.348338 0.000727103
 5.62307 0.344313 0.000441618
 5.68771 0.34091 0.000429175
 5.75234 0.337103 0.000371486
 5.81697 0.333495 0.000666269
 5.88161 0.328797 0.000487036
 5.94624 0.325801 0.000589161
 6.01087 0.322304 0.000507246
 6.07551 0.319161 0.000579152
 6.14014 0.315356 0.00034417
 6.20477 0.311636 0.00034733
 6.2694 0.308334 0.000471263
 6.33404 0.30632 0.000462244
 6.39867 0.302203 0.000376268
