 0 0 
 0.064633 0 
 0.129266 0 
 0.193899 0 
 0.258532 0 
 0.323165 0 
 0.387798 0 
 0.452431 0 
 0.517064 0 
 0.581697 0 
 0.64633 0 
 0.710963 0 
 0.775596 0 
 0.84023 0.00447172 
 0.904863 0.317454 
 0.969496 2.18514 
 1.03413 4.0871 
 1.09876 4.15798 
 1.16339 3.75152 
 1.22803 3.10435 
 1.29266 2.49662 
 1.35729 2.18426 
 1.42193 1.9065 
 1.48656 1.72178 
 1.55119 1.56183 
 1.61583 1.38725 
 1.68046 1.30612 
 1.74509 1.23635 
 1.80973 1.1642 
 1.87436 1.09299 
 1.93899 1.09924 
 2.00362 1.04506 
 2.06826 1.00688 
 2.13289 1.00931 
 2.19752 0.940095 
 2.26216 0.895097 
 2.32679 0.877167 
 2.39142 0.853659 
 2.45606 0.83338 
 2.52069 0.790778 
 2.58532 0.781755 
 2.64995 0.736723 
 2.71459 0.737987 
 2.77922 0.702762 
 2.84385 0.690681 
 2.90849 0.678821 
 2.97312 0.661916 
 3.03775 0.648158 
 3.10239 0.634722 
 3.16702 0.628743 
 3.23165 0.605339 
 3.29629 0.588866 
 3.36092 0.591292 
 3.42555 0.569735 
 3.49018 0.56071 
 3.55482 0.548472 
 3.61945 0.535313 
 3.68408 0.519035 
 3.74872 0.51853 
 3.81335 0.507884 
 3.87798 0.508836 
 3.94262 0.485893 
 4.00725 0.483398 
 4.07188 0.478344 
 4.13651 0.473572 
 4.20115 0.464356 
 4.26578 0.455584 
 4.33041 0.445592 
 4.39505 0.443989 
 4.45968 0.433298 
 4.52431 0.429914 
 4.58895 0.42162 
 4.65358 0.418 
 4.71821 0.410762 
 4.78285 0.405761 
 4.84748 0.402896 
 4.91211 0.397435 
 4.97674 0.39299 
 5.04138 0.382491 
 5.10601 0.380045 
 5.17064 0.37717 
 5.23528 0.369806 
 5.29991 0.366473 
 5.36454 0.361501 
 5.42918 0.356125 
 5.49381 0.353819 
 5.55844 0.348287 
 5.62307 0.346256 
 5.68771 0.342582 
 5.75234 0.338159 
 5.81697 0.336828 
 5.88161 0.329534 
 5.94624 0.32489 
 6.01087 0.322933 
 6.07551 0.321193 
 6.14014 0.315641 
 6.20477 0.312494 
 6.2694 0.309663 
 6.33404 0.307667 
 6.39867 0.304411 
 0 0 
 0.064633 0 
 0.129266 0 
 0.193899 0 
 0.258532 0 
 0.323165 0 
 0.387798 0 
 0.452431 0 
 0.517064 0 
 0.581697 0 
 0.64633 0 
 0.710963 0 
 0.775596 0 
 0.84023 0.00149057 
 0.904863 0.383094 
 0.969496 2.353 
 1.03413 4.20862 
 1.09876 4.22064 
 1.16339 3.73636 
 1.22803 3.17453 
 1.29266 2.64603 
 1.35729 2.20512 
 1.42193 1.90312 
 1.48656 1.74923 
 1.55119 1.55212 
 1.61583 1.4604 
 1.68046 1.36648 
 1.74509 1.31571 
 1.80973 1.21074 
 1.87436 1.16294 
 1.93899 1.10724 
 2.00362 1.06386 
 2.06826 1.02687 
 2.13289 1.0207 
 2.19752 1.00433 
 2.26216 0.932829 
 2.32679 0.922369 
 2.39142 0.866654 
 2.45606 0.85194 
 2.52069 0.823681 
 2.58532 0.793933 
 2.64995 0.784 
 2.71459 0.746959 
 2.77922 0.725663 
 2.84385 0.725703 
 2.90849 0.692154 
 2.97312 0.673052 
 3.03775 0.663078 
 3.10239 0.642214 
 3.16702 0.620977 
 3.23165 0.619381 
 3.29629 0.606937 
 3.36092 0.600026 
 3.42555 0.576598 
 3.49018 0.562249 
 3.55482 0.558412 
 3.61945 0.549522 
 3.68408 0.535056 
 3.74872 0.519772 
 3.81335 0.519683 
 3.87798 0.510534 
 3.94262 0.502023 
 4.00725 0.497619 
 4.07188 0.481134 
 4.13651 0.474834 
 4.20115 0.462364 
 4.26578 0.4594 
 4.33041 0.448924 
 4.39505 0.448561 
 4.45968 0.441123 
 4.52431 0.4336 
 4.58895 0.425802 
 4.65358 0.419062 
 4.71821 0.411579 
 4.78285 0.405898 
 4.84748 0.405721 
 4.91211 0.401001 
 4.97674 0.39474 
 5.04138 0.38521 
 5.10601 0.377767 
 5.17064 0.373844 
 5.23528 0.372844 
 5.29991 0.367613 
 5.36454 0.363317 
 5.42918 0.357523 
 5.49381 0.35399 
 5.55844 0.353307 
 5.62307 0.345102 
 5.68771 0.340256 
 5.75234 0.338419 
 5.81697 0.333436 
 5.88161 0.328796 
 5.94624 0.327228 
 6.01087 0.32286 
 6.07551 0.320858 
 6.14014 0.315098 
 6.20477 0.31199 
 6.2694 0.309236 
 6.33404 0.306588 
 6.39867 0.302474 
 0 0 
 0.064633 0 
 0.129266 0 
 0.193899 0 
 0.258532 0 
 0.323165 0 
 0.387798 0 
 0.452431 0 
 0.517064 0 
 0.581697 0 
 0.64633 0 
 0.710963 0 
 0.775596 0 
 0.84023 0.00298115 
 0.904863 0.352064 
 0.969496 2.1832 
 1.03413 3.98236 
 1.09876 4.15265 
 1.16339 3.55387 
 1.22803 3.01745 
 1.29266 2.49949 
 1.35729 2.16764 
 1.42193 1.88866 
 1.48656 1.69405 
 1.55119 1.54311 
 1.61583 1.41261 
 1.68046 1.31879 
 1.74509 1.20873 
 1.80973 1.17091 
 1.87436 1.12924 
 1.93899 1.09427 
 2.00362 1.06881 
 2.06826 1.02377 
 2.13289 0.977873 
 2.19752 0.934429 
 2.26216 0.893952 
 2.32679 0.875201 
 2.39142 0.847581 
 2.45606 0.82592 
 2.52069 0.809327 
 2.58532 0.783955 
 2.64995 0.749077 
 2.71459 0.736926 
 2.77922 0.712194 
 2.84385 0.711671 
 2.90849 0.681948 
 2.97312 0.657442 
 3.03775 0.6486 
 3.10239 0.636795 
 3.16702 0.618834 
 3.23165 0.601304 
 3.29629 0.598469 
 3.36092 0.578017 
 3.42555 0.580865 
 3.49018 0.555137 
 3.55482 0.552586 
 3.61945 0.538408 
 3.68408 0.525366 
 3.74872 0.514452 
 3.81335 0.513608 
 3.87798 0.507062 
 3.94262 0.492429 
 4.00725 0.489402 
 4.07188 0.479182 
 4.13651 0.471698 
 4.20115 0.466872 
 4.26578 0.456826 
 4.33041 0.449599 
 4.39505 0.440573 
 4.45968 0.435281 
 4.52431 0.426248 
 4.58895 0.426039 
 4.65358 0.417816 
 4.71821 0.407782 
 4.78285 0.408646 
 4.84748 0.398168 
 4.91211 0.395153 
 4.97674 0.390967 
 5.04138 0.384092 
 5.10601 0.381493 
 5.17064 0.375392 
 5.23528 0.372049 
 5.29991 0.365653 
 5.36454 0.360986 
 5.42918 0.360335 
 5.49381 0.353819 
 5.55844 0.349553 
 5.62307 0.343983 
 5.68771 0.340996 
 5.75234 0.336705 
 5.81697 0.33406 
 5.88161 0.330982 
 5.94624 0.327732 
 6.01087 0.322591 
 6.07551 0.319553 
 6.14014 0.316863 
 6.20477 0.309992 
 6.2694 0.306807 
 6.33404 0.304591 
 6.39867 0.303554 
 0 0 
 0.064633 0 
 0.129266 0 
 0.193899 0 
 0.258532 0 
 0.323165 0 
 0.387798 0 
 0.452431 0 
 0.517064 0 
 0.581697 0 
 0.64633 0 
 0.710963 0 
 0.775596 0 
 0.84023 0 
 0.904863 0.332969 
 0.969496 2.26858 
 1.03413 4.22861 
 1.09876 4.2353 
 1.16339 3.80094 
 1.22803 3.14588 
 1.29266 2.57235 
 1.35729 2.24967 
 1.42193 1.93357 
 1.48656 1.7783 
 1.55119 1.58812 
 1.61583 1.50965 
 1.68046 1.3745 
 1.74509 1.31321 
 1.80973 1.20537 
 1.87436 1.14347 
 1.93899 1.17092 
 2.00362 1.06672 
 2.06826 1.05885 
 2.13289 0.987805 
 2.19752 0.971256 
 2.26216 0.920685 
 2.32679 0.90784 
 2.39142 0.883786 
 2.45606 0.855462 
 2.52069 0.828649 
 2.58532 0.799817 
 2.64995 0.778631 
 2.71459 0.752794 
 2.77922 0.717302 
 2.84385 0.711402 
 2.90849 0.700563 
 2.97312 0.698117 
 3.03775 0.660428 
 3.10239 0.652519 
 3.16702 0.632278 
 3.23165 0.623154 
 3.29629 0.598667 
 3.36092 0.586728 
 3.42555 0.579787 
 3.49018 0.571982 
 3.55482 0.565262 
 3.61945 0.547807 
 3.68408 0.542023 
 3.74872 0.525848 
 3.81335 0.524212 
 3.87798 0.507729 
 3.94262 0.503596 
 4.00725 0.486805 
 4.07188 0.488442 
 4.13651 0.473797 
 4.20115 0.464415 
 4.26578 0.457054 
 4.33041 0.454477 
 4.39505 0.439979 
 4.45968 0.441003 
 4.52431 0.428626 
 4.58895 0.422471 
 4.65358 0.415456 
 4.71821 0.41168 
 4.78285 0.409446 
 4.84748 0.401328 
 4.91211 0.393526 
 4.97674 0.38728 
 5.04138 0.383899 
 5.10601 0.381958 
 5.17064 0.375079 
 5.23528 0.368691 
 5.29991 0.368504 
 5.36454 0.360556 
 5.42918 0.35591 
 5.49381 0.351121 
 5.55844 0.348642 
 5.62307 0.344476 
 5.68771 0.341606 
 5.75234 0.335465 
 5.81697 0.332434 
 5.88161 0.328522 
 5.94624 0.324133 
 6.01087 0.319289 
 6.07551 0.318626 
 6.14014 0.315014 
 6.20477 0.310702 
 6.2694 0.306811 
 6.33404 0.305252 
 6.39867 0.302191 
 0 0 
 0.064633 0 
 0.129266 0 
 0.193899 0 
 0.258532 0 
 0.323165 0 
 0.387798 0 
 0.452431 0 
 0.517064 0 
 0.581697 0 
 0.64633 0 
 0.710963 0 
 0.775596 0 
 0.84023 0 
 0.904863 0.30194 
 0.969496 2.15506 
 1.03413 4.0759 
 1.09876 4.21664 
 1.16339 3.79308 
 1.22803 3.0948 
 1.29266 2.48598 
 1.35729 2.16728 
 1.42193 1.91265 
 1.48656 1.69405 
 1.55119 1.51848 
 1.61583 1.39585 
 1.68046 1.32717 
 1.74509 1.2628 
 1.80973 1.18344 
 1.87436 1.14817 
 1.93899 1.07813 
 2.00362 1.05188 
 2.06826 1.01848 
 2.13289 0.978966 
 2.19752 0.969673 
 2.26216 0.921601 
 2.32679 0.885028 
 2.39142 0.847452 
 2.45606 0.829978 
 2.52069 0.797954 
 2.58532 0.787281 
 2.64995 0.774735 
 2.71459 0.739534 
 2.77922 0.708899 
 2.84385 0.699177 
 2.90849 0.683852 
 2.97312 0.667232 
 3.03775 0.653962 
 3.10239 0.639105 
 3.16702 0.622842 
 3.23165 0.6176 
 3.29629 0.586274 
 3.36092 0.576363 
 3.42555 0.569229 
 3.49018 0.563352 
 3.55482 0.548354 
 3.61945 0.535331 
 3.68408 0.528125 
 3.74872 0.523465 
 3.81335 0.51482 
 3.87798 0.504242 
 3.94262 0.491174 
 4.00725 0.488605 
 4.07188 0.477676 
 4.13651 0.476421 
 4.20115 0.459169 
 4.26578 0.458831 
 4.33041 0.451896 
 4.39505 0.441479 
 4.45968 0.434893 
 4.52431 0.431929 
 4.58895 0.416972 
 4.65358 0.419413 
 4.71821 0.408431 
 4.78285 0.40429 
 4.84748 0.399892 
 4.91211 0.396167 
 4.97674 0.388557 
 5.04138 0.383161 
 5.10601 0.381985 
 5.17064 0.369885 
 5.23528 0.370958 
 5.29991 0.366853 
 5.36454 0.364113 
 5.42918 0.357368 
 5.49381 0.349036 
 5.55844 0.345239 
 5.62307 0.343511 
 5.68771 0.339478 
 5.75234 0.338066 
 5.81697 0.33557 
 5.88161 0.327518 
 5.94624 0.328582 
 6.01087 0.324427 
 6.07551 0.320811 
 6.14014 0.316294 
 6.20477 0.311883 
 6.2694 0.310976 
 6.33404 0.30894 
 6.39867 0.303098 
 0 0 
 0.064633 0 
 0.129266 0 
 0.193899 0 
 0.258532 0 
 0.323165 0 
 0.387798 0 
 0.452431 0 
 0.517064 0 
 0.581697 0 
 0.64633 0 
 0.710963 0 
 0.775596 0 
 0.84023 0 
 0.904863 0.312681 
 0.969496 2.28799 
 1.03413 3.94558 
 1.09876 4.10266 
 1.16339 3.70548 
 1.22803 3.04132 
 1.29266 2.47165 
 1.35729 2.22952 
 1.42193 1.81516 
 1.48656 1.66391 
 1.55119 1.5443 
 1.61583 1.44489 
 1.68046 1.324 
 1.74509 1.23135 
 1.80973 1.15316 
 1.87436 1.15824 
 1.93899 1.09111 
 2.00362 1.06749 
 2.06826 0.997189 
 2.13289 0.995369 
 2.19752 0.947927 
 2.26216 0.90602 
 2.32679 0.878149 
 2.39142 0.85534 
 2.45606 0.828247 
 2.52069 0.805959 
 2.58532 0.77935 
 2.64995 0.750407 
 2.71459 0.749169 
 2.77922 0.719526 
 2.84385 0.692718 
 2.90849 0.680798 
 2.97312 0.669621 
 3.03775 0.656517 
 3.10239 0.645708 
 3.16702 0.62248 
 3.23165 0.614246 
 3.29629 0.591507 
 3.36092 0.586238 
 3.42555 0.581899 
 3.49018 0.558464 
 3.55482 0.547213 
 3.61945 0.539769 
 3.68408 0.526692 
 3.74872 0.518278 
 3.81335 0.512125 
 3.87798 0.505713 
 3.94262 0.492631 
 4.00725 0.48528 
 4.07188 0.480715 
 4.13651 0.468788 
 4.20115 0.461601 
 4.26578 0.45121 
 4.33041 0.449806 
 4.39505 0.439532 
 4.45968 0.431892 
 4.52431 0.428473 
 4.58895 0.420659 
 4.65358 0.415886 
 4.71821 0.414677 
 4.78285 0.406068 
 4.84748 0.394504 
 4.91211 0.398398 
 4.97674 0.388291 
 5.04138 0.38688 
 5.10601 0.382343 
 5.17064 0.373531 
 5.23528 0.368266 
 5.29991 0.363847 
 5.36454 0.360877 
 5.42918 0.353937 
 5.49381 0.352507 
 5.55844 0.347309 
 5.62307 0.342452 
 5.68771 0.342332 
 5.75234 0.335776 
 5.81697 0.333238 
 5.88161 0.327214 
 5.94624 0.325129 
 6.01087 0.324582 
 6.07551 0.317798 
 6.14014 0.315278 
 6.20477 0.312138 
 6.2694 0.308885 
 6.33404 0.30775 
 6.39867 0.301367 
 0 0 
 0.064633 0 
 0.129266 0 
 0.193899 0 
 0.258532 0 
 0.323165 0 
 0.387798 0 
 0.452431 0 
 0.517064 0 
 0.581697 0 
 0.64633 0 
 0.710963 0 
 0.775596 0 
 0.84023 0.00149057 
 0.904863 0.342517 
 0.969496 2.27537 
 1.03413 3.99515 
 1.09876 4.23863 
 1.16339 3.73749 
 1.22803 3.04323 
 1.29266 2.54247 
 1.35729 2.11742 
 1.42193 1.8819 
 1.48656 1.67144 
 1.55119 1.51706 
 1.61583 1.37782 
 1.68046 1.31003 
 1.74509 1.21588 
 1.80973 1.17106 
 1.87436 1.13931 
 1.93899 1.07001 
 2.00362 1.04671 
 2.06826 1.00808 
 2.13289 0.960832 
 2.19752 0.937345 
 2.26216 0.902048 
 2.32679 0.872464 
 2.39142 0.82922 
 2.45606 0.821802 
 2.52069 0.779792 
 2.58532 0.771828 
 2.64995 0.745608 
 2.71459 0.719113 
 2.77922 0.718167 
 2.84385 0.702521 
 2.90849 0.667393 
 2.97312 0.65835 
 3.03775 0.651502 
 3.10239 0.633005 
 3.16702 0.619892 
 3.23165 0.604265 
 3.29629 0.5921 
 3.36092 0.585866 
 3.42555 0.56208 
 3.49018 0.555885 
 3.55482 0.551169 
 3.61945 0.537327 
 3.68408 0.527559 
 3.74872 0.529859 
 3.81335 0.509861 
 3.87798 0.505834 
 3.94262 0.48787 
 4.00725 0.485321 
 4.07188 0.47266 
 4.13651 0.473148 
 4.20115 0.463461 
 4.26578 0.458136 
 4.33041 0.451592 
 4.39505 0.439927 
 4.45968 0.43244 
 4.52431 0.429628 
 4.58895 0.427613 
 4.65358 0.414727 
 4.71821 0.411621 
 4.78285 0.402027 
 4.84748 0.40066 
 4.91211 0.396175 
 4.97674 0.391361 
 5.04138 0.389088 
 5.10601 0.377661 
 5.17064 0.372693 
 5.23528 0.368401 
 5.29991 0.364922 
 5.36454 0.360671 
 5.42918 0.356352 
 5.49381 0.353808 
 5.55844 0.345265 
 5.62307 0.344943 
 5.68771 0.342318 
 5.75234 0.335381 
 5.81697 0.32999 
 5.88161 0.326323 
 5.94624 0.323699 
 6.01087 0.322575 
 6.07551 0.315929 
 6.14014 0.312818 
 6.20477 0.310154 
 6.2694 0.308748 
 6.33404 0.306633 
 6.39867 0.300938 
 0 0 
 0.064633 0 
 0.129266 0 
 0.193899 0 
 0.258532 0 
 0.323165 0 
 0.387798 0 
 0.452431 0 
 0.517064 0 
 0.581697 0 
 0.64633 0 
 0.710963 0 
 0.775596 0 
 0.84023 0.00149057 
 0.904863 0.304327 
 0.969496 2.36561 
 1.03413 4.20542 
 1.09876 4.29796 
 1.16339 3.53983 
 1.22803 3.05326 
 1.29266 2.4782 
 1.35729 2.22528 
 1.42193 1.87052 
 1.48656 1.73793 
 1.55119 1.58125 
 1.61583 1.4122 
 1.68046 1.37953 
 1.74509 1.2836 
 1.80973 1.20642 
 1.87436 1.14052 
 1.93899 1.12301 
 2.00362 1.06826 
 2.06826 1.03786 
 2.13289 0.988352 
 2.19752 0.95051 
 2.26216 0.911519 
 2.32679 0.905594 
 2.39142 0.851137 
 2.45606 0.83887 
 2.52069 0.803751 
 2.58532 0.801147 
 2.64995 0.761431 
 2.71459 0.747622 
 2.77922 0.729947 
 2.84385 0.701983 
 2.90849 0.680834 
 2.97312 0.669352 
 3.03775 0.649167 
 3.10239 0.638157 
 3.16702 0.622453 
 3.23165 0.610264 
 3.29629 0.598988 
 3.36092 0.590547 
 3.42555 0.573364 
 3.49018 0.56227 
 3.55482 0.553334 
 3.61945 0.547807 
 3.68408 0.530706 
 3.74872 0.524623 
 3.81335 0.509144 
 3.87798 0.502832 
 3.94262 0.495949 
 4.00725 0.490048 
 4.07188 0.472804 
 4.13651 0.470974 
 4.20115 0.464165 
 4.26578 0.458842 
 4.33041 0.44949 
 4.39505 0.439365 
 4.45968 0.439059 
 4.52431 0.433056 
 4.58895 0.425271 
 4.65358 0.415701 
 4.71821 0.414736 
 4.78285 0.406561 
 4.84748 0.398743 
 4.91211 0.394772 
 4.97674 0.388456 
 5.04138 0.381787 
 5.10601 0.377269 
 5.17064 0.374043 
 5.23528 0.370644 
 5.29991 0.369704 
 5.36454 0.358735 
 5.42918 0.358772 
 5.49381 0.354651 
 5.55844 0.349358 
 5.62307 0.342004 
 5.68771 0.338579 
 5.75234 0.337741 
 5.81697 0.331778 
 5.88161 0.328231 
 5.94624 0.323771 
 6.01087 0.321036 
 6.07551 0.318575 
 6.14014 0.314949 
 6.20477 0.313612 
 6.2694 0.307507 
 6.33404 0.30591 
 6.39867 0.301357 
 0 0 
 0.064633 0 
 0.129266 0 
 0.193899 0 
 0.258532 0 
 0.323165 0 
 0.387798 0 
 0.452431 0 
 0.517064 0 
 0.581697 0 
 0.64633 0 
 0.710963 0 
 0.775596 0 
 0.84023 0.00149057 
 0.904863 0.353258 
 0.969496 2.255 
 1.03413 4.12067 
 1.09876 4.11932 
 1.16339 3.50502 
 1.22803 3.0609 
 1.29266 2.58217 
 1.35729 2.17117 
 1.42193 1.84099 
 1.48656 1.67171 
 1.55119 1.59026 
 1.61583 1.37615 
 1.68046 1.30202 
 1.74509 1.27944 
 1.80973 1.19195 
 1.87436 1.15287 
 1.93899 1.10506 
 2.00362 1.0532 
 2.06826 1.03796 
 2.13289 1.00157 
 2.19752 0.952593 
 2.26216 0.919004 
 2.32679 0.877447 
 2.39142 0.835298 
 2.45606 0.819832 
 2.52069 0.801377 
 2.58532 0.784211 
 2.64995 0.762048 
 2.71459 0.737898 
 2.77922 0.728052 
 2.84385 0.702367 
 2.90849 0.683313 
 2.97312 0.664944 
 3.03775 0.659797 
 3.10239 0.637565 
 3.16702 0.626266 
 3.23165 0.613644 
 3.29629 0.599136 
 3.36092 0.588637 
 3.42555 0.580887 
 3.49018 0.562249 
 3.55482 0.550224 
 3.61945 0.540814 
 3.68408 0.539955 
 3.74872 0.52328 
 3.81335 0.516128 
 3.87798 0.507017 
 3.94262 0.499022 
 4.00725 0.490474 
 4.07188 0.478384 
 4.13651 0.471124 
 4.20115 0.464153 
 4.26578 0.455778 
 4.33041 0.44888 
 4.39505 0.447707 
 4.45968 0.434763 
 4.52431 0.439366 
 4.58895 0.422727 
 4.65358 0.412253 
 4.71821 0.413894 
 4.78285 0.41086 
 4.84748 0.403028 
 4.91211 0.394653 
 4.97674 0.387796 
 5.04138 0.384748 
 5.10601 0.378385 
 5.17064 0.376697 
 5.23528 0.373158 
 5.29991 0.369668 
 5.36454 0.360579 
 5.42918 0.357075 
 5.49381 0.352097 
 5.55844 0.347947 
 5.62307 0.346097 
 5.68771 0.341184 
 5.75234 0.33783 
 5.81697 0.331859 
 5.88161 0.33026 
 5.94624 0.324948 
 6.01087 0.321675 
 6.07551 0.317215 
 6.14014 0.315461 
 6.20477 0.311724 
 6.2694 0.308511 
 6.33404 0.304629 
 6.39867 0.301863 
 0 0 
 0.064633 0 
 0.129266 0 
 0.193899 0 
 0.258532 0 
 0.323165 0 
 0.387798 0 
 0.452431 0 
 0.517064 0 
 0.581697 0 
 0.64633 0 
 0.710963 0 
 0.775596 0 
 0.84023 0.00149057 
 0.904863 0.332969 
 0.969496 2.2385 
 1.03413 4.0847 
 1.09876 4.2373 
 1.16339 3.83407 
 1.22803 3.13347 
 1.29266 2.50194 
 1.35729 2.17117 
 1.42193 1.90681 
 1.48656 1.65745 
 1.55119 1.57888 
 1.61583 1.421 
 1.68046 1.32885 
 1.74509 1.25332 
 1.80973 1.17345 
 1.87436 1.12266 
 1.93899 1.13672 
 2.00362 1.05638 
 2.06826 1.00948 
 2.13289 0.995824 
 2.19752 0.959175 
 2.26216 0.921678 
 2.32679 0.886291 
 2.39142 0.854822 
 2.45606 0.838393 
 2.52069 0.795691 
 2.58532 0.771725 
 2.64995 0.756014 
 2.71459 0.730295 
 2.77922 0.720803 
 2.84385 0.707173 
 2.90849 0.680223 
 2.97312 0.663969 
 3.03775 0.654593 
 3.10239 0.644849 
 3.16702 0.621896 
 3.23165 0.608142 
 3.29629 0.601259 
 3.36092 0.584142 
 3.42555 0.573848 
 3.49018 0.565702 
 3.55482 0.553787 
 3.61945 0.543238 
 3.68408 0.538911 
 3.74872 0.51994 
 3.81335 0.516462 
 3.87798 0.506168 
 3.94262 0.501013 
 4.00725 0.493442 
 4.07188 0.475162 
 4.13651 0.479968 
 4.20115 0.465703 
 4.26578 0.455812 
 4.33041 0.45218 
 4.39505 0.44577 
 4.45968 0.433617 
 4.52431 0.434851 
 4.58895 0.424246 
 4.65358 0.42308 
 4.71821 0.415123 
 4.78285 0.408347 
 4.84748 0.400652 
 4.91211 0.396152 
 4.97674 0.396978 
 5.04138 0.385686 
 5.10601 0.384841 
 5.17064 0.372616 
 5.23528 0.369486 
 5.29991 0.365736 
 5.36454 0.36141 
 5.42918 0.359634 
 5.49381 0.354203 
 5.55844 0.348472 
 5.62307 0.344302 
 5.68771 0.339771 
 5.75234 0.337481 
 5.81697 0.335758 
 5.88161 0.330595 
 5.94624 0.327901 
 6.01087 0.321076 
 6.07551 0.321055 
 6.14014 0.316145 
 6.20477 0.311668 
 6.2694 0.306193 
 6.33404 0.305235 
 6.39867 0.300776 
