 -3 0 0 0
 -2.94 0 0 0
 -2.88 0 1.17455e-05 1.16866e-05
 -2.82 0 0 0
 -2.76 0 0.00016698 0.000135332
 -2.7 0 4.3399e-05 4.31815e-05
 -2.64 0 0 0
 -2.58 0 9.43939e-05 5.18622e-05
 -2.52 0 9.53938e-05 4.50451e-05
 -2.46 0 0.00019558 7.82756e-05
 -2.4 0 0.00043713 0.000137594
 -2.34 0 0.000733487 0.000159664
 -2.28 0.00627904 0.00151366 0.000285835
 -2.22 0.00265073 0.00309545 0.000556105
 -2.16 0 0.00308089 0.000469925
 -2.1 0.003368 0.00618769 0.000680124
 -2.04 0.003316 0.00970573 0.000768193
 -1.98 0.00570076 0.0107642 0.000769809
 -1.92 0.00765823 0.0172764 0.00108388
 -1.86 0.00699763 0.0230125 0.00124032
 -1.8 0.0509679 0.0323697 0.00155474
 -1.74 0.050142 0.0462947 0.00163161
 -1.68 0.0496424 0.0583701 0.0019116
 -1.62 0.0920971 0.0786642 0.00214203
 -1.56 0.080092 0.0966562 0.00253225
 -1.5 0.0989144 0.123284 0.00281408
 -1.44 0.104559 0.150165 0.00290195
 -1.38 0.190646 0.181162 0.00301838
 -1.32 0.252493 0.212746 0.00379565
 -1.26 0.313408 0.244616 0.00351393
 -1.2 0.279373 0.275086 0.00372378
 -1.14 0.381163 0.308262 0.0039689
 -1.08 0.335376 0.3361 0.00415849
 -1.02 0.387051 0.368483 0.00457369
 -0.96 0.371768 0.38418 0.00464244
 -0.9 0.457214 0.391742 0.00495731
 -0.84 0.414885 0.410408 0.00464758
 -0.78 0.429972 0.421148 0.00563767
 -0.72 0.36894 0.413617 0.00473313
 -0.66 0.430943 0.410862 0.00466088
 -0.6 0.419444 0.398818 0.0051509
 -0.54 0.389745 0.377968 0.00384632
 -0.48 0.393271 0.371658 0.00442756
 -0.42 0.367031 0.34543 0.00408027
 -0.36 0.355012 0.337882 0.00415587
 -0.3 0.306527 0.324806 0.0041659
 -0.24 0.261423 0.307975 0.00340646
 -0.18 0.264498 0.295045 0.00397097
 -0.12 0.358584 0.290943 0.00378053
 -0.06 0.248602 0.284665 0.00346102
 0 0.245718 0.281637 0.0037298
 0.06 0.269649 0.286177 0.0037449
 0.12 0.286255 0.298463 0.00351647
 0.18 0.284849 0.30341 0.00365071
 0.24 0.290027 0.328544 0.00396955
 0.3 0.42019 0.332164 0.00421475
 0.36 0.336833 0.354509 0.00420016
 0.42 0.288298 0.363679 0.00432275
 0.48 0.370264 0.383774 0.00447691
 0.54 0.414848 0.392516 0.00438181
 0.6 0.371943 0.400117 0.00399682
 0.66 0.46731 0.41685 0.00496079
 0.72 0.400649 0.411653 0.00496071
 0.78 0.427333 0.409745 0.00434179
 0.84 0.328953 0.392062 0.00459707
 0.9 0.328852 0.379049 0.0048372
 0.96 0.410444 0.363001 0.00494457
 1.02 0.367585 0.3356 0.00394278
 1.08 0.212484 0.306589 0.00423512
 1.14 0.29205 0.274192 0.00330968
 1.2 0.220437 0.242207 0.00308891
 1.26 0.191201 0.212884 0.00353429
 1.32 0.205105 0.179165 0.00297236
 1.38 0.208314 0.147527 0.00262584
 1.44 0.135722 0.123027 0.0023186
 1.5 0.110308 0.0956043 0.00224053
 1.56 0.0516088 0.079625 0.00227379
 1.62 0.0460207 0.0609091 0.00204472
 1.68 0.0463397 0.045286 0.00190364
 1.74 0.0242102 0.0318662 0.00132586
 1.8 0.0356388 0.0236578 0.00122168
 1.86 0.0059984 0.0184515 0.000998084
 1.92 0.026426 0.0127951 0.000934634
 1.98 0.00079992 0.00753412 0.000691115
 2.04 0 0.00634471 0.000555986
 2.1 0.00273273 0.00408516 0.000492516
 2.16 0 0.00193449 0.00028108
 2.22 0.000669933 0.00191155 0.000331508
 2.28 0.000845915 0.000903006 0.000221605
 2.34 0 0.000430064 0.000153165
 2.4 0 0.00040042 0.000104107
 2.46 0 0.000291111 0.000121907
 2.52 0 0.000107683 8.92942e-05
 2.58 0 6.32903e-05 5.09973e-05
 2.64 0 9.97234e-05 7.30322e-05
 2.7 0 0 0
 2.76 0 6.12939e-06 6.09866e-06
 2.82 0 0 0
 2.88 0 0 0
 2.94 0 0 0
