 1 -0.44342 -0.44342 0
 2 -0.442871 -0.443146 0.000194198
 3 -0.442241 -0.442844 0.000278118
 4 -0.44191 -0.442611 0.000290617
 5 -0.452289 -0.444546 0.00174682
 6 -0.450125 -0.445476 0.00168508
 7 -0.459946 -0.447543 0.00239761
 8 -0.439835 -0.44658 0.00228333
 9 -0.446879 -0.446613 0.00202987
 10 -0.438038 -0.445755 0.00199983
 11 -0.441446 -0.445364 0.001856
 12 -0.45107 -0.445839 0.0017612
 13 -0.444727 -0.445754 0.0016278
 14 -0.452552 -0.446239 0.0015823
 15 -0.434696 -0.44547 0.00165339
 16 -0.444567 -0.445413 0.00155102
 17 -0.436381 -0.444882 0.00154811
 18 -0.451797 -0.445266 0.00150902
 19 -0.44868 -0.445446 0.00144025
 20 -0.442456 -0.445296 0.00137597
 21 -0.432565 -0.44469 0.00143781
 22 -0.449984 -0.444931 0.00139245
 23 -0.447886 -0.445059 0.00133783
 24 -0.43951 -0.444828 0.00130191
 25 -0.43965 -0.444621 0.0012662
 26 -0.442012 -0.44452 0.00122147
 27 -0.438392 -0.444293 0.00119713
 28 -0.443453 -0.444263 0.00115476
 29 -0.440672 -0.44414 0.00112156
 30 -0.445628 -0.444189 0.00108527
 31 -0.431502 -0.44378 0.00112479
 32 -0.452171 -0.444042 0.00111979
 33 -0.45523 -0.444381 0.00113602
 34 -0.459529 -0.444827 0.00118676
 35 -0.442802 -0.444769 0.00115426
 36 -0.451423 -0.444954 0.0011369
 37 -0.448359 -0.445046 0.00110989
 38 -0.439288 -0.444894 0.00109097
 39 -0.440224 -0.444774 0.00106955
 40 -0.436613 -0.44457 0.00106209
 41 -0.425684 -0.44411 0.00113168
 42 -0.435299 -0.4439 0.00112401
 43 -0.449318 -0.444026 0.00110491
 44 -0.444574 -0.444038 0.00107987
 45 -0.433402 -0.443802 0.00108143
 46 -0.441805 -0.443759 0.0010588
 47 -0.439915 -0.443677 0.00103942
 48 -0.445277 -0.44371 0.0010183
 49 -0.455971 -0.44396 0.0010278
 50 -0.446476 -0.444011 0.00100848
 51 -0.450805 -0.444144 0.000997462
 52 -0.451122 -0.444278 0.000987265
 53 -0.443369 -0.444261 0.000968786
 54 -0.457339 -0.444503 0.000980651
 55 -0.448842 -0.444582 0.00096599
 56 -0.44652 -0.444617 0.000949359
 57 -0.459799 -0.444883 0.00096935
 58 -0.437195 -0.44475 0.000961658
 59 -0.433977 -0.444568 0.000962539
 60 -0.451137 -0.444677 0.000952702
 61 -0.447046 -0.444716 0.000937875
 62 -0.450636 -0.444812 0.000927595
 63 -0.452572 -0.444935 0.000921014
 64 -0.442504 -0.444897 0.000907406
 65 -0.443107 -0.444869 0.000893863
 66 -0.441486 -0.444818 0.000881788
 67 -0.450026 -0.444896 0.000872047
 68 -0.442029 -0.444854 0.000860241
 69 -0.460669 -0.445083 0.00087778
 70 -0.449715 -0.445149 0.00086773
 71 -0.451871 -0.445244 0.000860659
 72 -0.439591 -0.445165 0.000852278
 73 -0.455224 -0.445303 0.000851668
 74 -0.431844 -0.445121 0.00085936
 75 -0.450767 -0.445196 0.000851193
 76 -0.450914 -0.445272 0.000843311
 77 -0.44141 -0.445221 0.000833849
 78 -0.456298 -0.445363 0.000835163
 79 -0.446823 -0.445382 0.000824796
 80 -0.431494 -0.445208 0.000832554
 81 -0.444189 -0.445196 0.00082237
 82 -0.445571 -0.4452 0.000812354
 83 -0.450548 -0.445265 0.000805118
 84 -0.444184 -0.445252 0.000795636
 85 -0.445892 -0.445259 0.000786311
 86 -0.443954 -0.445244 0.000777314
 87 -0.446872 -0.445263 0.000768605
 88 -0.432844 -0.445122 0.000772719
 89 -0.450152 -0.445178 0.0007661
 90 -0.445922 -0.445187 0.000757633
 91 -0.438564 -0.445114 0.000752795
 92 -0.456738 -0.44524 0.000755141
 93 -0.453521 -0.445329 0.000752252
 94 -0.461944 -0.445506 0.000764732
 95 -0.454206 -0.445598 0.000762145
 96 -0.455284 -0.445698 0.000760856
 97 -0.440408 -0.445644 0.000754964
 98 -0.439038 -0.445577 0.000750263
 99 -0.4425 -0.445545 0.000743328
 100 -0.451482 -0.445605 0.000738262
