3.15477 0
3.15979 0.00501709
3.15692 0.00407436
3.15349 0.00448582
3.15065 0.00448304
3.15047 0.00366495
3.15321 0.00413272
3.15268 0.00361816
3.15152 0.00339348
3.15246 0.00317698
3.14873 0.00470468
3.14931 0.00433346
3.14968 0.00400267
3.14825 0.00396982
3.14668 0.00401777
3.14469 0.00424858
3.14255 0.004529
3.14379 0.00444537
3.14259 0.0043712
3.14238 0.00415247
3.14124 0.0041106
3.14132 0.00392014
3.14149 0.00374942
3.14097 0.00362638
3.14049 0.00351187
3.14063 0.00337713
3.14175 0.00343672
3.14183 0.00331273
3.14223 0.00322138
3.14354 0.00337518
3.14268 0.00337596
3.14276 0.00326975
3.14302 0.00318015
3.14258 0.00311614
3.14175 0.0031377
3.14202 0.00306127
3.14227 0.00298734
3.14145 0.00302151
3.141 0.0029773
3.14156 0.00295573
3.14158 0.00288279
3.14168 0.00281528
3.14141 0.00276233
3.14112 0.00271385
3.14134 0.00266119
3.14118 0.00260737
3.14141 0.00256212
3.14157 0.0025131
3.14174 0.00246728
3.14154 0.00242634
3.14053 0.00258409
3.1403 0.00254357
3.1405 0.00250311
3.14066 0.00246113
3.14069 0.00241619
3.14058 0.00237502
3.14124 0.00242397
3.141 0.00239451
3.14071 0.0023705
3.141 0.00234821
3.14115 0.00231442
3.14113 0.00227686
3.14121 0.00224183
3.14096 0.0022212
3.14077 0.00219525
3.14061 0.00216734
3.14062 0.00213476
3.14158 0.00231472
3.14162 0.00228118
3.14117 0.00229237
3.14095 0.00227022
3.14074 0.00224894
3.14006 0.00231963
3.14033 0.00230414
3.14046 0.00227687
3.14085 0.0022806
3.14095 0.00225299
3.14117 0.00223471
3.14153 0.00223638
3.14159 0.002209
3.14158 0.00218158
3.14197 0.00218946
3.14178 0.00217122
3.1418 0.0021453
3.1423 0.00217893
3.14258 0.00217079
3.14272 0.00215061
3.14292 0.00213525
3.14292 0.00211112
3.14289 0.00208768
3.14283 0.0020657
3.14254 0.00206384
3.14258 0.00204206
3.14246 0.00202374
3.14254 0.0020036
3.14274 0.00199292
3.14271 0.00197244
3.14272 0.00195224
3.14272 0.00193243
3.14242 0.00193628
