 -3 0 0 0
 -2.94 0 0 0
 -2.88 0 0 0
 -2.82 0 1.17455e-05 1.16866e-05
 -2.76 0 3.82895e-05 2.68121e-05
 -2.7 0 3.22068e-05 3.20453e-05
 -2.64 0 9.76902e-06 9.28501e-06
 -2.58 0 0.000459234 0.000260425
 -2.52 0 0.000374509 0.000159924
 -2.46 0 0.000340509 0.000114925
 -2.4 0 0.000450238 0.000138211
 -2.34 0 0.00130434 0.000250391
 -2.28 0 0.00216998 0.000346857
 -2.22 0 0.00286323 0.000457422
 -2.16 0 0.00462027 0.000460365
 -2.1 0.00639103 0.00715424 0.000715537
 -2.04 0.0154031 0.00816255 0.00060668
 -1.98 0.00910942 0.0125428 0.000882023
 -1.92 0 0.0174771 0.00103749
 -1.86 0.0309589 0.0246047 0.00108335
 -1.8 0.030185 0.0344767 0.00140706
 -1.74 0.0483782 0.04586 0.00139037
 -1.68 0.0629887 0.0596942 0.00218604
 -1.62 0.0698487 0.0760089 0.00200998
 -1.56 0.0950628 0.0948859 0.00253318
 -1.5 0.14037 0.120634 0.00268875
 -1.44 0.143005 0.148224 0.00266732
 -1.38 0.194918 0.179151 0.0030026
 -1.32 0.2465 0.218826 0.00330279
 -1.26 0.336503 0.243612 0.00358429
 -1.2 0.204405 0.277424 0.0038617
 -1.14 0.322093 0.308501 0.00399292
 -1.08 0.287734 0.331146 0.00388075
 -1.02 0.310227 0.358744 0.00488545
 -0.96 0.352522 0.379731 0.00453316
 -0.9 0.390805 0.403385 0.0042968
 -0.84 0.435825 0.407307 0.00438812
 -0.78 0.390566 0.410166 0.00393884
 -0.72 0.392139 0.415836 0.00445642
 -0.66 0.473902 0.407823 0.00379576
 -0.6 0.363527 0.395892 0.00432878
 -0.54 0.305491 0.380493 0.00389609
 -0.48 0.376221 0.366661 0.00366168
 -0.42 0.34152 0.353855 0.00351591
 -0.36 0.354727 0.339326 0.00330596
 -0.3 0.318944 0.329062 0.00324195
 -0.24 0.292951 0.314004 0.00268805
 -0.18 0.29692 0.297194 0.00299971
 -0.12 0.325543 0.293181 0.00274615
 -0.06 0.269676 0.286204 0.00282778
 0 0.272473 0.28929 0.00265206
 0.06 0.331756 0.297617 0.00254962
 0.12 0.345233 0.305945 0.00303695
 0.18 0.333792 0.312951 0.00298553
 0.24 0.300335 0.330281 0.0031828
 0.3 0.326246 0.332333 0.00284782
 0.36 0.353497 0.356365 0.00332305
 0.42 0.418126 0.372383 0.0031946
 0.48 0.384279 0.380018 0.00344687
 0.54 0.345798 0.394863 0.00392024
 0.6 0.4746 0.400695 0.00380572
 0.66 0.402341 0.412725 0.00449455
 0.72 0.406472 0.415992 0.00435193
 0.78 0.407326 0.402371 0.00489039
 0.84 0.46953 0.396672 0.00452341
 0.9 0.419216 0.38137 0.0042367
 0.96 0.364607 0.345678 0.00462446
 1.02 0.262657 0.333307 0.00406357
 1.08 0.258019 0.310762 0.00439108
 1.14 0.297036 0.270454 0.00394659
 1.2 0.20449 0.235149 0.0038378
 1.26 0.211624 0.20211 0.00312906
 1.32 0.237127 0.176348 0.00319182
 1.38 0.118707 0.141145 0.00254335
 1.44 0.121383 0.120293 0.00231826
 1.5 0.10307 0.0993978 0.00238504
 1.56 0.0928817 0.0765523 0.00234927
 1.62 0.0328164 0.0552645 0.00196403
 1.68 0.0221834 0.0469945 0.00171852
 1.74 0.0360184 0.0339712 0.0012962
 1.8 0.0305769 0.024244 0.00117233
 1.86 0.0125344 0.0178893 0.00113509
 1.92 0.010014 0.0122957 0.000968344
 1.98 0.00848315 0.00826884 0.000717219
 2.04 0.00341066 0.00537559 0.000587363
 2.1 0 0.00367079 0.000432929
 2.16 0.00385195 0.00239021 0.00039989
 2.22 0 0.00113669 0.00024697
 2.28 0.00151118 0.000793734 0.000184931
 2.34 0 0.000555004 0.000229414
 2.4 0.00728327 0.000287775 0.00013171
 2.46 0 0.000370083 0.000154425
 2.52 0 0.000121031 7.92604e-05
 2.58 0 1.52585e-05 1.5182e-05
 2.64 0 3.25301e-05 2.41524e-05
 2.7 0 0 0
 2.76 0 0 0
 2.82 0 0 0
 2.88 0 0 0
 2.94 0 0 0
