 1 -0.43763 -0.43763 0
 2 -0.45812 -0.447875 0.00724463
 3 -0.44871 -0.448153 0.00483511
 4 -0.441273 -0.446433 0.00392034
 5 -0.449373 -0.447021 0.00318005
 6 -0.456194 -0.44855 0.00299507
 7 -0.446171 -0.44821 0.00258642
 8 -0.454531 -0.449 0.00238074
 9 -0.450649 -0.449184 0.00212325
 10 -0.437589 -0.448024 0.00220491
 11 -0.434011 -0.44675 0.00234377
 12 -0.454191 -0.44737 0.00222897
 13 -0.452811 -0.447789 0.00209643
 14 -0.435427 -0.446906 0.00212452
 15 -0.449083 -0.447051 0.00198784
 16 -0.440903 -0.446667 0.00190037
 17 -0.431269 -0.445761 0.00199277
 18 -0.448178 -0.445895 0.00188658
 19 -0.44132 -0.445654 0.00180259
 20 -0.429381 -0.444841 0.00188719
 21 -0.445951 -0.444894 0.00179807
 22 -0.443766 -0.444842 0.00171707
 23 -0.452989 -0.445197 0.00167855
 24 -0.441565 -0.445045 0.00161542
 25 -0.436734 -0.444713 0.00158464
 26 -0.456541 -0.445168 0.00158765
 27 -0.458377 -0.445657 0.00160245
 28 -0.441971 -0.445525 0.00155062
 29 -0.445255 -0.445516 0.00149718
 30 -0.442744 -0.445424 0.00145012
 31 -0.438421 -0.445198 0.00142083
 32 -0.440067 -0.445037 0.00138544
 33 -0.446123 -0.44507 0.00134385
 34 -0.44585 -0.445093 0.00130452
 35 -0.4534 -0.445331 0.00128866
 36 -0.445548 -0.445337 0.00125288
 37 -0.445283 -0.445335 0.00121902
 38 -0.441378 -0.445231 0.00119138
 39 -0.442982 -0.445173 0.00116223
 40 -0.431544 -0.444833 0.00118206
 41 -0.448246 -0.444916 0.00115616
 42 -0.448038 -0.44499 0.00113102
 43 -0.444006 -0.444967 0.00110495
 44 -0.441044 -0.444878 0.00108343
 45 -0.450579 -0.445005 0.00106673
 46 -0.445778 -0.445022 0.00104367
 47 -0.444713 -0.445015 0.00102149
 48 -0.4461 -0.445038 0.00100046
 49 -0.456071 -0.445263 0.00100506
 50 -0.442068 -0.445199 0.000986989
 51 -0.443783 -0.445171 0.000968027
 52 -0.452645 -0.445315 0.000960022
 53 -0.429169 -0.44501 0.000989066
 54 -0.44697 -0.445047 0.000971415
 55 -0.45106 -0.445156 0.000959887
 56 -0.436906 -0.445009 0.000953983
 57 -0.447992 -0.445061 0.000938681
 58 -0.442886 -0.445023 0.000923245
 59 -0.427417 -0.444725 0.000954606
 60 -0.451601 -0.44484 0.000945551
 61 -0.444576 -0.444835 0.00093006
 62 -0.459154 -0.445066 0.000943295
 63 -0.436037 -0.444923 0.000939147
 64 -0.447372 -0.444961 0.000925252
 65 -0.449273 -0.445028 0.000913392
 66 -0.440662 -0.444961 0.000901945
 67 -0.456464 -0.445133 0.000904674
 68 -0.446339 -0.445151 0.000891543
 69 -0.45268 -0.44526 0.000885275
 70 -0.440992 -0.445199 0.000874726
 71 -0.447243 -0.445228 0.000862879
 72 -0.434509 -0.445079 0.000863643
 73 -0.446653 -0.4451 0.000852081
 74 -0.449862 -0.445165 0.000842993
 75 -0.449531 -0.445223 0.000833761
 76 -0.452292 -0.445316 0.000827963
 77 -0.44172 -0.445269 0.000818526
 78 -0.448186 -0.445307 0.000808886
 79 -0.448292 -0.445344 0.000799529
 80 -0.44712 -0.445367 0.000789843
 81 -0.445486 -0.445368 0.000780093
 82 -0.43454 -0.445236 0.000781676
 83 -0.437462 -0.445142 0.00077785
 84 -0.437211 -0.445048 0.0007743
 85 -0.448924 -0.445094 0.000766532
 86 -0.455328 -0.445213 0.000766801
 87 -0.453992 -0.445314 0.000764598
 88 -0.443423 -0.445292 0.000756211
 89 -0.432393 -0.445147 0.000761477
 90 -0.437772 -0.445065 0.000757413
 91 -0.443317 -0.445046 0.000749333
 92 -0.448431 -0.445083 0.000742091
 93 -0.449577 -0.445131 0.000735684
 94 -0.449214 -0.445174 0.000729138
 95 -0.424305 -0.444955 0.000753831
 96 -0.444342 -0.444948 0.000746005
 97 -0.447569 -0.444975 0.000738803
 98 -0.441266 -0.444938 0.000732233
 99 -0.433969 -0.444827 0.000733172
 100 -0.446917 -0.444848 0.000726138
