0 0
1 0
2.00248 0.0216789
3.0023 0.0328519
4.01652 0.0378451
5.01592 0.0489511
6.00684 0.049858
7.01844 0.0565779
8.01998 0.0620317
9.02686 0.0664077
10.0252 0.0722265
11.0191 0.0772166
12.0164 0.0778887
13.0073 0.0816629
13.9934 0.0846326
14.9925 0.0841338
16.0252 0.091104
17.0116 0.0945135
18.0101 0.0963817
18.9991 0.0944186
19.9686 0.097684
20.9735 0.0992379
21.9618 0.097099
22.9805 0.0988646
23.9604 0.102726
24.9927 0.101914
25.9872 0.102575
26.9486 0.106648
27.9478 0.106687
28.9626 0.109527
29.9703 0.110755
30.947 0.110474
31.9085 0.113293
32.933 0.118523
33.9416 0.120044
34.9837 0.122568
35.9905 0.118598
36.9751 0.128951
37.9707 0.135131
38.952 0.134949
39.9172 0.136747
40.8855 0.136561
41.8769 0.142295
42.8335 0.140522
43.8713 0.143821
44.8909 0.144788
45.8892 0.145616
46.8909 0.146791
47.8741 0.150667
48.8643 0.150194
49.8274 0.157378
50.7976 0.160876
51.8258 0.161452
52.813 0.160471
53.7953 0.163392
54.8033 0.16658
55.8251 0.161284
56.8164 0.167166
57.7883 0.165177
58.7487 0.163543
59.7598 0.168009
60.8133 0.173152
61.8246 0.174817
62.7902 0.175806
63.78 0.180613
64.7677 0.184622
65.7509 0.189198
66.719 0.194942
67.7375 0.199187
68.7513 0.206778
69.726 0.215481
70.6682 0.218615
71.6917 0.222358
72.6538 0.224137
73.6618 0.22569
74.6694 0.223068
75.6768 0.229083
76.6358 0.229072
77.6249 0.232233
78.6463 0.229436
79.6863 0.230809
80.6495 0.231529
81.6823 0.227838
82.6804 0.237681
83.6801 0.239613
84.6338 0.234594
85.6042 0.234888
86.655 0.236666
87.6263 0.237989
88.5835 0.242981
89.5788 0.245104
90.628 0.242751
91.6593 0.238901
92.7432 0.241177
93.7525 0.244192
94.7201 0.24772
95.7067 0.245925
96.7134 0.246333
97.6579 0.250262
98.6612 0.255471
99.6075 0.245242
