0 0
1 0
2.00055 0.0212666
3.00225 0.0285564
4.00503 0.0366248
5.01379 0.0435772
6.02297 0.0474937
7.02128 0.0535341
8.02022 0.0594337
9.01027 0.0640598
10.0105 0.0689286
11.0054 0.0757677
12.0095 0.078535
13.02 0.0804889
14.0221 0.0804518
15.02 0.0815967
16.022 0.0849431
17.0175 0.0827125
18.0094 0.0821826
19.0053 0.0812674
20.0068 0.0798251
21.0105 0.0854432
22.0269 0.0892464
23.0365 0.092275
24.0493 0.0924374
25.0631 0.0960521
26.0825 0.0998953
27.096 0.100947
28.1007 0.103276
29.1169 0.0977016
30.1347 0.0950093
31.1602 0.0953296
32.1878 0.0972437
33.2111 0.0955841
34.237 0.0959177
35.256 0.0960734
36.2821 0.0978841
37.3134 0.0981077
38.3262 0.102454
39.3383 0.107031
40.3689 0.109334
41.4067 0.113959
42.4484 0.115484
43.4934 0.110351
44.5299 0.109983
45.5683 0.106725
46.6138 0.108952
47.6612 0.109434
48.6968 0.108362
49.7217 0.111699
50.7412 0.113639
51.7814 0.116677
52.8238 0.118755
53.8772 0.116061
54.897 0.120388
55.9259 0.120221
56.9656 0.123081
58.0056 0.124099
59.0404 0.119278
60.0815 0.117517
61.0999 0.121375
62.1467 0.126923
63.199 0.13054
64.2551 0.128374
65.2746 0.134613
66.3076 0.136538
67.3479 0.141063
68.3876 0.140524
69.4258 0.138675
70.4516 0.14256
71.4682 0.148323
72.5213 0.150042
73.5629 0.152527
74.6214 0.153904
75.6488 0.158576
76.6864 0.159892
77.7298 0.162301
78.7659 0.158235
79.8098 0.156479
80.851 0.161122
81.8881 0.165441
82.9483 0.165663
83.9947 0.167901
85.0569 0.168778
86.089 0.169425
87.125 0.168311
88.1577 0.170342
89.2008 0.169639
90.251 0.169086
91.2832 0.17511
92.3073 0.177456
93.3414 0.177674
94.3661 0.178853
95.4107 0.178512
96.4416 0.176576
97.4778 0.176627
98.5161 0.171829
99.5653 0.170364
100.585 0.168787
101.614 0.169151
102.639 0.167466
