0 0 0
0.474047 -0.455374 -0.7536
-0.0702874 -1.18181 -0.33409
-0.881827 -1.68455 -0.631837
-1.79462 -1.58969 -1.02909
-2.3062 -0.907327 -0.506923
-2.40932 -0.493043 -1.41121
-1.41248 -0.484943 -1.33228
-0.827265 -0.497394 -2.14306
-0.831531 -0.95092 -1.25183
-0.00315772 -0.582406 -0.829933
0.514722 -1.29479 -1.30355
-0.210226 -1.84656 -1.71586
-0.37087 -1.57228 -0.767719
-0.153887 -1.83104 -1.70897
0.784112 -2.16788 -1.79081
1.28487 -2.2883 -2.64798
2.10563 -2.13618 -3.19862
2.96637 -2.3514 -3.65994
3.84157 -2.02327 -3.30448
3.59683 -2.95925 -3.05143
3.05907 -2.84674 -3.88699
3.46787 -2.84368 -4.7996
3.72967 -1.90639 -5.02971
4.56159 -2.43571 -4.86322
4.74499 -2.77899 -5.78437
4.57255 -3.31131 -4.95558
3.98394 -2.57811 -5.29611
4.29881 -2.80764 -6.21707
5.18795 -3.17977 -5.9507
4.21367 -3.40115 -5.99274
5.01063 -3.56243 -5.41064
5.64777 -4.17701 -5.87579
6.21599 -3.3803 -5.66995
5.89326 -4.1055 -6.27817
5.37694 -3.3129 -6.6025
4.42151 -3.45827 -6.85945
4.94512 -3.42044 -7.71057
4.50198 -4.26825 -8.00186
3.9717 -4.94782 -8.5088
4.03094 -5.8569 -8.09643
3.1007 -5.95821 -7.74374
3.00912 -5.463 -6.87981
3.22414 -5.96937 -6.04473
2.28962 -6.31848 -5.97551
2.39004 -5.41955 -6.40193
2.90493 -4.59036 -6.18434
2.14417 -3.94222 -6.15041
1.40436 -3.43126 -6.58812
1.84393 -2.55013 -6.41382
1.75925 -3.08702 -5.57444
0.803283 -3.16072 -5.29035
0.700923 -3.97531 -4.71943
0.326616 -4.73626 -4.18947
-0.652978 -4.87378 -4.33604
-0.192665 -4.66449 -5.19877
0.306642 -4.0191 -5.77684
1.298 -4.05991 -5.65221
0.896313 -3.55389 -4.88894
1.84773 -3.80878 -4.71622
2.63367 -4.29394 -4.33291
1.83793 -4.86986 -4.52033
2.80435 -4.93835 -4.27266
3.33748 -4.10133 -4.14949
2.36941 -4.2956 -4.30794
1.42415 -4.57093 -4.13279
1.95097 -4.46644 -3.28926
2.5478 -3.95489 -3.90741
2.41688 -4.86956 -3.525
2.42649 -3.905 -3.78867
2.37057 -2.93416 -3.55555
1.41046 -2.70822 -3.72029
0.460354 -2.484 -3.93713
-0.536711 -2.40778 -3.9299
0.131083 -1.8318 -4.40139
0.894659 -1.74045 -5.04062
1.70363 -2.25287 -4.75254
1.89568 -1.88886 -3.84116
1.86388 -1.95948 -2.84416
2.22863 -1.72816 -3.74608
1.26784 -1.74811 -3.4695
1.27888 -2.74301 -3.36926
2.05562 -3.36531 -3.27224
2.78617 -2.73086 -3.52477
2.13499 -2.12172 -3.97745
2.1411 -2.1351 -2.97755
3.00399 -2.14973 -3.48273
2.54253 -2.73351 -2.81472
2.23885 -2.94342 -1.88535
1.85744 -3.2755 -2.74805
2.14028 -4.23024 -2.84014
1.46599 -3.63941 -2.39713
0.876924 -3.7838 -1.60205
0.684158 -4.69003 -1.22575
0.772035 -3.70891 -1.05349
1.74922 -3.55919 -1.20417
2.39402 -3.83624 -1.91653
2.65706 -2.88327 -1.76599
2.60717 -2.36841 -0.910167
3.52646 -2.02244 -1.09779
3.63324 -2.96691 -1.40855
