154.272
147.374
139.387
131.034
123.436
116.461
110.337
102.8
95.7717
88.7473
83.17
79.3792
76.163
73.1346
70.0202
67.7605
65.9946
65.0622
64.3546
63.5507
62.584
61.1084
59.4453
57.903
56.8886
56.1882
55.5068
54.8587
54.1154
53.2155
52.0337
51.1254
50.6409
50.4111
50.3683
50.1161
49.6027
49.1
48.6273
48.0377
47.3915
47.0852
46.7212
46.1439
45.5379
45.0748
44.9525
44.9525
44.9525
44.9525
44.9525
44.9525
44.9525
44.9525
44.9525
44.9525
44.9525
44.9525
44.9525
44.9525
44.9525
44.9525
44.9525
44.9525
44.9525
44.9525
44.9525
44.9525
44.9525
44.9525
44.9525
44.9525
44.9525
44.9525
44.9525
44.9525
44.9525
44.9525
44.9525
44.9525
44.9525
44.9525
44.9525
44.9525
44.9525
44.9525
44.9525
44.9525
44.9525
44.9525
44.9525
44.9525
44.9525
44.9525
44.9525
44.9525
44.9525
44.9525
44.9525
44.9525
44.9525
44.9525
44.9525
44.9525
44.9525
44.9525
44.9525
44.9525
44.9525
44.9525
44.9525
44.9525
44.9525
44.9525
44.9525
44.9525
44.9525
44.9525
44.9525
44.9525
44.9525
44.9525
44.9525
44.9525
44.9525
44.9525
44.9525
44.9525
44.9525
44.9525
44.9525
44.9525
44.9525
44.9525
44.9525
44.9525
44.9525
44.9525
44.9525
44.9525
44.9525
44.9525
44.9525
44.9525
44.9525
44.9525
44.9525
44.9525
44.9525
44.9525
44.9525
44.9525
44.9525
44.9525
44.9525
44.9525
44.9525
44.9525
44.9525
44.9525
44.9525
44.9525
44.9525
44.9525
44.9525
44.9525
44.9525
44.9525
44.9525
44.9525
44.9525
44.9525
44.9525
44.9525
44.9525
44.9525
44.9525
44.9525
44.9525
44.9525
44.9525
44.9525
44.9525
44.9525
44.9525
44.9525
44.9525
44.9525
44.9525
44.9525
44.9525
44.9525
44.9525
44.9525
44.9525
44.9525
44.9525
44.9525
44.9525
44.9525
44.9525
