154.225
147.2
138.832
129.32
120.173
111.671
105.227
100.158
95.6691
91.7808
88.1739
84.6252
81.6268
79.9782
78.6622
76.8957
74.9579
72.8594
70.5808
69.0172
67.8601
66.7153
65.119
63.2894
61.5687
59.6616
58.3267
57.6697
57.307
56.8568
56.4683
55.809
54.6388
52.9063
51.3474
49.8717
48.8338
48.1103
47.5629
47.1413
46.8193
46.755
46.6284
46.4784
46.408
46.3549
46.0587
45.516
44.9893
44.9525
44.9525
44.9525
44.9525
44.9525
44.9525
44.9525
44.9525
44.9525
44.9525
44.9525
44.9525
44.9525
44.9525
44.9525
44.9525
44.9525
44.9525
44.9525
44.9525
44.9525
44.9525
44.9525
44.9525
44.9525
44.9525
44.9525
44.9525
44.9525
44.9525
44.9525
44.9525
44.9525
44.9525
44.9525
44.9525
44.9525
44.9525
44.9525
44.9525
44.9525
44.9525
44.9525
44.9525
44.9525
44.9525
44.9525
44.9525
44.9525
44.9525
44.9525
44.9525
44.9525
44.9525
44.9525
44.9525
44.9525
44.9525
44.9525
44.9525
44.9525
44.9525
44.9525
44.9525
44.9525
44.9525
44.9525
44.9525
44.9525
44.9525
44.9525
44.9525
44.9525
44.9525
44.9525
44.9525
44.9525
44.9525
44.9525
44.9525
44.9525
44.9525
44.9525
44.9525
44.9525
44.9525
44.9525
44.9525
44.9525
44.9525
44.9525
44.9525
44.9525
44.9525
44.9525
44.9525
44.9525
44.9525
44.9525
44.9525
44.9525
44.9525
44.9525
44.9525
44.9525
44.9525
44.9525
44.9525
44.9525
44.9525
44.9525
44.9525
44.9525
44.9525
44.9525
44.9525
44.9525
44.9525
44.9525
44.9525
44.9525
44.9525
44.9525
44.9525
44.9525
44.9525
44.9525
44.9525
44.9525
44.9525
44.9525
44.9525
44.9525
44.9525
44.9525
44.9525
44.9525
44.9525
44.9525
44.9525
44.9525
44.9525
44.9525
44.9525
44.9525
44.9525
44.9525
44.9525
44.9525
44.9525
44.9525
44.9525
