154.316
148.222
139.925
131.557
123.212
117.045
111.152
106.739
102.757
99.8181
96.48
93.5833
91.1785
89.2093
87.7299
86.5028
85.1375
83.8559
82.0787
80.1348
78.7403
76.9835
74.9076
72.2555
69.3829
65.975
64.1025
62.6191
61.6512
60.713
59.7822
59.1795
58.8497
58.5486
58.2389
57.8609
57.4876
56.8862
56.2298
55.364
54.879
54.5266
53.8594
52.5226
50.4303
48.1999
46.3315
45.4266
44.9699
44.9525
44.9525
44.9525
44.9525
44.9525
44.9525
44.9525
44.9525
44.9525
44.9525
44.9525
44.9525
44.9525
44.9525
44.9525
44.9525
44.9525
44.9525
44.9525
44.9525
44.9525
44.9525
44.9525
44.9525
44.9525
44.9525
44.9525
44.9525
44.9525
44.9525
44.9525
44.9525
44.9525
44.9525
44.9525
44.9525
44.9525
44.9525
44.9525
44.9525
44.9525
44.9525
44.9525
44.9525
44.9525
44.9525
44.9525
44.9525
44.9525
44.9525
44.9525
44.9525
44.9525
44.9525
44.9525
44.9525
44.9525
44.9525
44.9525
44.9525
44.9525
44.9525
44.9525
44.9525
44.9525
44.9525
44.9525
44.9525
44.9525
44.9525
44.9525
44.9525
44.9525
44.9525
44.9525
44.9525
44.9525
44.9525
44.9525
44.9525
44.9525
44.9525
44.9525
44.9525
44.9525
44.9525
44.9525
44.9525
44.9525
44.9525
44.9525
44.9525
44.9525
44.9525
44.9525
44.9525
44.9525
44.9525
44.9525
44.9525
44.9525
44.9525
44.9525
44.9525
44.9525
44.9525
44.9525
44.9525
44.9525
44.9525
44.9525
44.9525
44.9525
44.9525
44.9525
44.9525
44.9525
44.9525
44.9525
44.9525
44.9525
44.9525
44.9525
44.9525
44.9525
44.9525
44.9525
44.9525
44.9525
44.9525
44.9525
44.9525
44.9525
44.9525
44.9525
44.9525
44.9525
44.9525
44.9525
44.9525
44.9525
44.9525
44.9525
44.9525
44.9525
44.9525
44.9525
44.9525
44.9525
44.9525
44.9525
44.9525
