119.675
118.302
109.932
105.527
101.377
94.3643
93.026
85.3303
83.3618
79.9832
77.8142
77.8142
76.7591
74.1951
72.2742
69.858
68.1266
67.7607
66.4579
65.6339
63.9653
62.8833
61.4957
61.4807
61.1616
59.774
58.4919
57.9104
57.9104
57.3179
54.6999
53.9073
53.9073
53.9073
53.9073
53.5053
53.5053
52.7609
50.1847
50.1847
50.1653
46.411
46.411
46.411
46.411
46.411
46.411
46.3335
44.9525
44.9525
44.9525
44.9525
44.9525
44.9525
44.9525
44.9525
44.9525
44.9525
44.9525
44.9525
44.9525
44.9525
44.9525
44.9525
44.9525
44.9525
44.9525
44.9525
44.9525
44.9525
44.9525
44.9525
44.9525
44.9525
44.9525
44.9525
44.9525
44.9525
44.9525
44.9525
44.9525
44.9525
44.9525
44.9525
44.9525
44.9525
44.9525
44.9525
44.9525
44.9525
44.9525
44.9525
44.9525
44.9525
44.9525
44.9525
44.9525
44.9525
44.9525
44.9525
44.9525
44.9525
44.9525
44.9525
44.9525
44.9525
44.9525
44.9525
44.9525
44.9525
44.9525
44.9525
44.9525
44.9525
44.9525
44.9525
44.9525
44.9525
44.9525
44.9525
44.9525
44.9525
44.9525
44.9525
44.9525
44.9525
44.9525
44.9525
44.9525
44.9525
44.9525
44.9525
44.9525
44.9525
44.9525
44.9525
44.9525
44.9525
44.9525
44.9525
44.9525
44.9525
44.9525
44.9525
44.9525
44.9525
44.9525
44.9525
44.9525
44.9525
44.9525
44.9525
44.9525
44.9525
44.9525
44.9525
44.9525
44.9525
44.9525
44.9525
44.9525
44.9525
44.9525
44.9525
44.9525
44.9525
44.9525
44.9525
44.9525
44.9525
44.9525
44.9525
44.9525
44.9525
44.9525
44.9525
44.9525
44.9525
44.9525
44.9525
44.9525
44.9525
44.9525
44.9525
44.9525
44.9525
44.9525
44.9525
44.9525
44.9525
44.9525
44.9525
44.9525
44.9525
44.9525
44.9525
44.9525
44.9525
44.9525
44.9525
44.9525
