116.832
111.553
110.923
101.852
100.718
94.6259
82.9269
77.9538
76.5907
71.6523
69.3075
68.8413
66.4966
65.0658
64.2084
64.1247
62.8732
62.0402
60.6202
57.5465
57.5465
55.965
55.7335
54.1694
53.5425
53.3057
52.1658
52.1658
50.1339
50.1339
49.7076
49.2037
49.2037
49.2037
49.2037
48.7849
47.6105
47.1916
47.1916
46.2746
46.2746
44.9525
44.9525
44.9525
44.9525
44.9525
44.9525
44.9525
44.9525
44.9525
44.9525
44.9525
44.9525
44.9525
44.9525
44.9525
44.9525
44.9525
44.9525
44.9525
44.9525
44.9525
44.9525
44.9525
44.9525
44.9525
44.9525
44.9525
44.9525
44.9525
44.9525
44.9525
44.9525
44.9525
44.9525
44.9525
44.9525
44.9525
44.9525
44.9525
44.9525
44.9525
44.9525
44.9525
44.9525
44.9525
44.9525
44.9525
44.9525
44.9525
44.9525
44.9525
44.9525
44.9525
44.9525
44.9525
44.9525
44.9525
44.9525
44.9525
44.9525
44.9525
44.9525
44.9525
44.9525
44.9525
44.9525
44.9525
44.9525
44.9525
44.9525
44.9525
44.9525
44.9525
44.9525
44.9525
44.9525
44.9525
44.9525
44.9525
44.9525
44.9525
44.9525
44.9525
44.9525
44.9525
44.9525
44.9525
44.9525
44.9525
44.9525
44.9525
44.9525
44.9525
44.9525
44.9525
44.9525
44.9525
44.9525
44.9525
44.9525
44.9525
44.9525
44.9525
44.9525
44.9525
44.9525
44.9525
44.9525
44.9525
44.9525
44.9525
44.9525
44.9525
44.9525
44.9525
44.9525
44.9525
44.9525
44.9525
44.9525
44.9525
44.9525
44.9525
44.9525
44.9525
44.9525
44.9525
44.9525
44.9525
44.9525
44.9525
44.9525
44.9525
44.9525
44.9525
44.9525
44.9525
44.9525
44.9525
44.9525
44.9525
44.9525
44.9525
44.9525
44.9525
44.9525
44.9525
44.9525
44.9525
44.9525
44.9525
44.9525
44.9525
44.9525
44.9525
44.9525
44.9525
44.9525
44.9525
44.9525
