191.322
179.09
165.997
154.402
146.356
139.985
135.561
131.75
127.466
124.377
120.176
115.629
110.371
104.673
98.5235
93.6789
88.6648
83.9155
80.2875
76.8526
73.7004
70.6836
67.6388
64.4339
61.3569
59.0394
57.3291
55.5833
53.7272
52.1381
50.4393
47.8939
45.354
43.0243
41.5341
40.2499
38.7161
37.5909
36.9336
36.7939
37.3076
38.7698
39.7063
38.1476
36.318
34.3091
33.4558
32.7102
32.6504
32.6254
32.4903
32.2682
32.0675
32.0045
32.0045
32.0045
32.0045
32.0045
32.0045
32.0045
32.0045
32.0045
32.0045
32.0045
32.0045
32.0045
32.0045
32.0045
32.0045
32.0045
32.0045
32.0045
32.0045
32.0045
32.0045
32.0045
32.0045
32.0045
32.0045
32.0045
32.0045
32.0045
32.0045
32.0045
32.0045
32.0045
32.0045
32.0045
32.0045
32.0045
32.0045
32.0045
32.0045
32.0045
32.0045
32.0045
32.0045
32.0045
32.0045
32.0045
32.0045
32.004
32.002
31.9989
31.9937
31.9896
31.985
31.9664
31.9563
31.9283
31.8988
31.8822
31.8623
31.9052
31.967
31.9333
31.8207
31.6866
31.5746
31.3653
31.261
31.2315
31.2315
31.2315
31.2315
31.2315
31.2315
31.2315
31.2315
31.2315
31.2315
31.2315
31.2315
31.2315
31.2315
31.2315
31.2315
31.2315
31.2315
31.2315
31.2315
31.2315
31.2315
31.2315
31.2315
31.2315
31.2315
31.2315
31.2315
31.2315
31.2315
31.2315
31.2315
31.2315
31.2315
31.2315
31.2315
31.2315
31.2315
31.2315
31.2315
31.2315
31.2315
31.2315
31.2315
31.2315
31.2315
31.2315
31.2315
31.2315
31.2315
31.2315
31.2315
31.2315
31.2315
31.2315
31.2315
31.2315
31.2315
31.2315
31.2315
31.2315
31.2315
31.2315
31.2315
31.2315
31.2315
31.2315
31.2315
31.2315
31.2315
31.2315
31.2315
31.2315
31.2315
31.2315
31.2315
31.2315
31.2315
31.2315
31.2315
