129.509
124.305
123.882
116.704
116.538
110.937
108.387
104.364
99.7909
99.0292
90.0201
87.1187
85.4205
81.7726
78.9144
76.6105
70.7174
67.799
67.799
62.5668
61.2219
58.9513
58.7986
56.5613
54.5946
52.3573
51.8888
49.8994
47.8832
44.0177
41.771
40.367
40.0606
37.0781
36.7717
36.4318
33.5802
33.5802
33.5802
33.5802
32.6508
32.6508
32.6508
32.6508
32.6508
32.6508
32.6508
32.6508
32.0045
32.0045
32.0045
32.0045
32.0045
32.0045
32.0045
32.0045
32.0045
32.0045
32.0045
32.0045
32.0045
32.0045
32.0045
32.0045
32.0045
32.0045
32.0045
32.0045
32.0045
32.0045
32.0045
32.0045
32.0045
32.0045
32.0045
32.0045
32.0045
32.0045
32.0045
32.0045
32.0045
32.0045
32.0045
32.0045
32.0045
32.0045
32.0045
32.0045
32.0045
32.0045
32.0045
32.0045
32.0045
32.0045
32.0045
32.0045
32.0045
32.0045
32.0045
32.0045
32.0045
31.2315
31.2315
31.2315
31.2315
31.2315
31.2315
31.2315
31.2315
31.2315
31.2315
31.2315
31.2315
31.2315
31.2315
31.2315
31.2315
31.2315
31.2315
31.2315
31.2315
31.2315
31.2315
31.2315
31.2315
31.2315
31.2315
31.2315
31.2315
31.2315
31.2315
31.2315
31.2315
31.2315
31.2315
31.2315
31.2315
31.2315
31.2315
31.2315
31.2315
31.2315
31.2315
31.2315
31.2315
31.2315
31.2315
31.2315
31.2315
31.2315
31.2315
31.2315
31.2315
31.2315
31.2315
31.2315
31.2315
31.2315
31.2315
31.2315
31.2315
31.2315
31.2315
31.2315
31.2315
31.2315
31.2315
31.2315
31.2315
31.2315
31.2315
31.2315
31.2315
31.2315
31.2315
31.2315
31.2315
31.2315
31.2315
31.2315
31.2315
31.2315
31.2315
31.2315
31.2315
31.2315
31.2315
31.2315
31.2315
31.2315
31.2315
31.2315
31.2315
31.2315
31.2315
31.2315
31.2315
31.2315
31.2315
31.2315
31.2315
