1 0.197962 0.197962 0
2 0.196993 0.197478 0.000484261
3 0.196015 0.19699 0.000562068
4 0.197837 0.197202 0.000450311
5 0.19653 0.197067 0.000373818
6 0.196892 0.197038 0.000306624
7 0.196628 0.19698 0.000265668
8 0.197281 0.197017 0.000233149
9 0.196561 0.196967 0.000211786
10 0.196963 0.196966 0.000189428
11 0.197029 0.196972 0.000171438
12 0.197082 0.196981 0.000156769
13 0.196119 0.196915 0.000158726
14 0.198712 0.197043 0.000195144
15 0.19774 0.19709 0.000187513
16 0.198545 0.19718 0.000197578
17 0.199163 0.197297 0.000219196
18 0.198586 0.197369 0.000218721
19 0.198135 0.197409 0.000210784
20 0.199609 0.197519 0.000228227
