1 1.34327 1.34327 0
2 1.36507 1.35417 0.0109006
3 1.3792 1.36251 0.0104499
4 1.38615 1.36842 0.00946193
5 1.37162 1.36906 0.00735703
6 1.3967 1.37367 0.00756991
7 1.37375 1.37368 0.00639775
8 1.40461 1.37755 0.0067562
9 1.36972 1.37668 0.00602157
10 1.35834 1.37484 0.00568941
11 1.33683 1.37139 0.00619898
12 1.37494 1.37168 0.00566661
13 1.36755 1.37136 0.00522223
14 1.36574 1.37096 0.00485153
15 1.39103 1.3723 0.00471047
16 1.39473 1.3737 0.00462392
17 1.36881 1.37341 0.00435294
18 1.38189 1.37389 0.00413091
19 1.36575 1.37346 0.00393087
20 1.36876 1.37322 0.00373653
