1 -0.462857 -0.462857 0
2 -0.461206 -0.462032 0.000825604
3 -0.462732 -0.462265 0.000530719
4 -0.463274 -0.462517 0.000452184
5 -0.462571 -0.462528 0.000350426
6 -0.463866 -0.462751 0.000362749
7 -0.462736 -0.462749 0.000306587
8 -0.463419 -0.462833 0.000278431
9 -0.46319 -0.462872 0.000248736
10 -0.461678 -0.462753 0.000252527
11 -0.4628 -0.462757 0.000228459
12 -0.46347 -0.462817 0.000216844
13 -0.463783 -0.462891 0.000212874
14 -0.463004 -0.462899 0.000197249
15 -0.46263 -0.462881 0.0001845
16 -0.462471 -0.462855 0.000174473
17 -0.462456 -0.462832 0.000165563
18 -0.463839 -0.462888 0.00016581
19 -0.462497 -0.462867 0.000158184
20 -0.460831 -0.462766 0.000181338
