1 0.0222624 0.0222624 0
2 0.022582 0.0224222 0.0001598
3 0.0319056 0.0255833 0.00316248
4 0.0213436 0.0245234 0.00247469
5 0.0314816 0.025915 0.00236878
6 0.0250576 0.0257721 0.00193937
7 0.0279784 0.0260873 0.0016691
8 0.0296532 0.0265331 0.00151265
9 0.0301212 0.0269317 0.00139233
10 0.0200384 0.0262424 0.00142339
11 0.028512 0.0264487 0.00130393
12 0.0258476 0.0263986 0.00119138
13 0.0245932 0.0262598 0.00110467
14 0.0236076 0.0260703 0.00104012
15 0.0313608 0.026423 0.00103054
16 0.023528 0.0262421 0.000980814
17 0.0302468 0.0264776 0.000950954
18 0.02609 0.0264561 0.000896827
19 0.0242516 0.0263401 0.000856211
20 0.0262436 0.0263353 0.000812287
