2.56739e-10 0
2.60655e-10 3.91628e-12
2.62073e-10 2.66885e-12
2.62222e-10 1.89299e-12
2.62078e-10 1.47333e-12
2.61645e-10 1.27858e-12
2.61863e-10 1.10242e-12
2.62434e-10 1.11238e-12
2.61816e-10 1.15962e-12
2.61375e-10 1.12699e-12
2.61858e-10 1.12826e-12
2.61847e-10 1.03002e-12
2.61973e-10 9.55784e-13
2.62174e-10 9.07394e-13
2.62218e-10 8.4592e-13
2.62986e-10 1.1022e-12
2.62689e-10 1.07703e-12
2.63126e-10 1.10561e-12
2.6291e-10 1.06792e-12
2.62605e-10 1.05812e-12
2.62925e-10 1.05627e-12
2.62987e-10 1.00903e-12
2.63134e-10 9.75209e-13
2.62824e-10 9.83536e-13
2.6261e-10 9.67422e-13
2.62826e-10 9.54128e-13
2.63099e-10 9.57907e-13
2.63185e-10 9.2706e-13
2.6333e-10 9.06173e-13
2.63171e-10 8.89691e-13
2.63471e-10 9.11116e-13
2.63601e-10 8.91793e-13
2.6376e-10 8.78778e-13
2.63809e-10 8.53939e-13
2.63986e-10 8.48037e-13
2.63993e-10 8.2417e-13
2.63975e-10 8.0178e-13
2.64173e-10 8.05133e-13
2.6405e-10 7.9392e-13
2.64107e-10 7.75972e-13
2.64006e-10 7.63562e-13
2.63804e-10 7.72073e-13
2.63904e-10 7.60555e-13
2.639e-10 7.43083e-13
2.63911e-10 7.26475e-13
2.63737e-10 7.3151e-13
2.63769e-10 7.16487e-13
2.63731e-10 7.02462e-13
2.63877e-10 7.03424e-13
2.6389e-10 6.89336e-13
2.6378e-10 6.84653e-13
2.6369e-10 6.77328e-13
2.63643e-10 6.66074e-13
2.63584e-10 6.56348e-13
2.63539e-10 6.45874e-13
2.6357e-10 6.34999e-13
2.63518e-10 6.25928e-13
2.63592e-10 6.19521e-13
2.63535e-10 6.1161e-13
2.63525e-10 6.01412e-13
2.63519e-10 5.91496e-13
2.63478e-10 5.83342e-13
2.63414e-10 5.77622e-13
2.63337e-10 5.73634e-13
2.63363e-10 5.65343e-13
2.6332e-10 5.58378e-13
2.6328e-10 5.5145e-13
2.63307e-10 5.43947e-13
2.63275e-10 5.36944e-13
2.63302e-10 5.29875e-13
2.63316e-10 5.22553e-13
2.63297e-10 5.15584e-13
2.63174e-10 5.23126e-13
2.63111e-10 5.199e-13
2.63095e-10 5.13146e-13
2.63156e-10 5.09904e-13
2.63096e-10 5.06784e-13
2.63127e-10 5.01249e-13
2.63118e-10 4.94959e-13
2.63218e-10 4.98877e-13
2.63238e-10 4.93082e-13
2.63266e-10 4.87837e-13
2.63273e-10 4.8198e-13
2.6326e-10 4.76385e-13
2.6336e-10 4.81281e-13
2.63438e-10 4.82008e-13
2.63473e-10 4.77728e-13
2.63449e-10 4.72915e-13
2.63336e-10 4.80995e-13
2.63364e-10 4.76447e-13
2.63391e-10 4.71935e-13
2.63406e-10 4.67019e-13
2.63399e-10 4.62022e-13
2.63371e-10 4.57901e-13
2.63315e-10 4.56546e-13
2.63345e-10 4.5275e-13
2.63443e-10 4.588e-13
2.63446e-10 4.54104e-13
2.63501e-10 4.5279e-13
2.63512e-10 4.48366e-13
