8.09399e-11 0
7.90954e-11 1.84452e-12
7.98909e-11 1.32924e-12
8.00201e-11 9.48753e-13
7.99351e-11 7.39795e-13
7.97533e-11 6.30812e-13
7.94628e-11 6.0713e-13
7.94959e-11 5.26827e-13
7.99295e-11 6.35503e-13
7.9916e-11 5.68571e-13
8.02014e-11 5.88183e-13
8.03513e-11 5.57474e-13
8.02506e-11 5.22598e-13
8.01279e-11 4.99144e-13
8.00036e-11 4.81017e-13
7.99116e-11 4.59273e-13
7.99311e-11 4.31857e-13
7.98817e-11 4.1015e-13
7.97338e-11 4.15193e-13
7.9657e-11 4.01316e-13
7.96365e-11 3.82274e-13
7.97148e-11 3.72788e-13
7.96818e-11 3.5773e-13
7.96226e-11 3.47585e-13
7.95824e-11 3.35807e-13
7.96163e-11 3.24408e-13
7.9539e-11 3.21577e-13
7.95881e-11 3.13735e-13
7.97064e-11 3.25008e-13
7.96843e-11 3.14763e-13
7.95814e-11 3.21368e-13
7.96525e-11 3.19183e-13
7.97104e-11 3.14742e-13
7.95624e-11 3.39337e-13
7.95469e-11 3.2986e-13
7.94357e-11 3.39306e-13
7.94671e-11 3.31492e-13
7.94612e-11 3.22705e-13
7.94923e-11 3.15855e-13
7.95e-11 3.07955e-13
7.951e-11 3.00516e-13
7.94962e-11 2.93596e-13
7.9555e-11 2.92641e-13
7.95148e-11 2.88722e-13
7.95109e-11 2.8226e-13
7.95203e-11 2.76216e-13
7.95453e-11 2.71427e-13
7.94693e-11 2.76352e-13
7.94592e-11 2.70842e-13
7.94862e-11 2.66739e-13
7.95389e-11 2.66719e-13
7.95062e-11 2.63581e-13
7.95136e-11 2.58667e-13
7.94918e-11 2.54771e-13
7.94228e-11 2.59436e-13
7.94305e-11 2.54878e-13
7.94546e-11 2.51519e-13
7.94214e-11 2.49363e-13
7.94835e-11 2.52851e-13
7.94645e-11 2.49327e-13
7.94536e-11 2.45449e-13
7.94584e-11 2.41507e-13
7.94902e-11 2.39751e-13
7.94388e-11 2.41494e-13
7.94494e-11 2.37987e-13
7.94554e-11 2.34429e-13
7.94608e-11 2.30967e-13
7.94852e-11 2.28851e-13
7.94326e-11 2.31565e-13
7.94576e-11 2.29595e-13
7.94145e-11 2.30406e-13
7.94083e-11 2.27268e-13
7.94269e-11 2.2491e-13
7.94145e-11 2.222e-13
7.94024e-11 2.19548e-13
7.93904e-11 2.16975e-13
7.94105e-11 2.15079e-13
7.93929e-11 2.13029e-13
7.93807e-11 2.10671e-13
7.94183e-11 2.11399e-13
7.93946e-11 2.10111e-13
7.93906e-11 2.07572e-13
7.93857e-11 2.05115e-13
7.93912e-11 2.02732e-13
7.93717e-11 2.01273e-13
7.93928e-11 2.00025e-13
7.94454e-11 2.04594e-13
7.94271e-11 2.03075e-13
7.94193e-11 2.00935e-13
7.94373e-11 1.99512e-13
7.94432e-11 1.97394e-13
7.94585e-11 1.95838e-13
7.94164e-11 1.98237e-13
7.94035e-11 1.96545e-13
7.942e-11 1.95166e-13
7.94363e-11 1.93812e-13
7.94075e-11 1.93957e-13
7.94043e-11 1.91994e-13
7.93794e-11 1.91681e-13
7.93494e-11 1.92108e-13
