2.60604e-10 0
2.62517e-10 1.91304e-12
2.61991e-10 1.22325e-12
2.62595e-10 1.05494e-12
2.62293e-10 8.70949e-13
2.63741e-10 1.61311e-12
2.65816e-10 2.48213e-12
2.6641e-10 2.23041e-12
2.66742e-10 1.9947e-12
2.66951e-10 1.79636e-12
2.66852e-10 1.62785e-12
2.66409e-10 1.5509e-12
2.66091e-10 1.4615e-12
2.65336e-10 1.54963e-12
2.65132e-10 1.45692e-12
2.6489e-10 1.38415e-12
2.64992e-10 1.30419e-12
2.65228e-10 1.2519e-12
2.65376e-10 1.19348e-12
2.65393e-10 1.13235e-12
2.64805e-10 1.2271e-12
2.65115e-10 1.21026e-12
2.653e-10 1.17126e-12
2.65149e-10 1.13156e-12
2.65591e-10 1.17174e-12
2.65258e-10 1.17388e-12
2.65264e-10 1.12958e-12
2.65387e-10 1.09541e-12
2.65065e-10 1.10484e-12
2.65388e-10 1.11521e-12
2.65381e-10 1.07866e-12
2.65386e-10 1.04442e-12
2.65315e-10 1.01479e-12
2.65386e-10 9.87048e-13
2.65379e-10 9.58455e-13
2.65213e-10 9.46038e-13
2.65239e-10 9.2046e-13
2.65357e-10 9.03666e-13
2.6527e-10 8.84476e-13
2.65269e-10 8.62081e-13
2.65337e-10 8.43512e-13
2.6541e-10 8.2643e-13
2.65244e-10 8.23985e-13
2.65312e-10 8.07984e-13
2.65231e-10 7.94062e-13
2.65199e-10 7.77231e-13
2.65096e-10 7.67501e-13
2.65122e-10 7.51782e-13
2.6505e-10 7.39827e-13
2.64854e-10 7.50804e-13
2.64657e-10 7.61886e-13
2.64848e-10 7.71227e-13
2.64776e-10 7.60014e-13
2.64974e-10 7.71788e-13
2.64863e-10 7.65666e-13
2.64864e-10 7.51869e-13
2.64731e-10 7.50311e-13
2.64697e-10 7.38053e-13
2.64695e-10 7.25438e-13
2.6471e-10 7.13395e-13
2.64735e-10 7.02039e-13
2.6471e-10 6.91076e-13
2.64625e-10 6.8524e-13
2.64671e-10 6.76009e-13
2.64768e-10 6.72509e-13
2.64796e-10 6.62853e-13
2.64736e-10 6.55668e-13
2.64841e-10 6.54452e-13
2.64797e-10 6.46377e-13
2.64877e-10 6.42085e-13
2.64865e-10 6.33095e-13
2.64773e-10 6.30974e-13
2.64869e-10 6.29535e-13
2.64788e-10 6.2611e-13
2.648e-10 6.17804e-13
2.64767e-10 6.10499e-13
2.64761e-10 6.0255e-13
2.64727e-10 5.95738e-13
2.6467e-10 5.90846e-13
2.64643e-10 5.84067e-13
2.64495e-10 5.95327e-13
2.64622e-10 6.01583e-13
2.6458e-10 5.95803e-13
2.64639e-10 5.9162e-13
2.6465e-10 5.84725e-13
2.64619e-10 5.78734e-13
2.6472e-10 5.80825e-13
2.64591e-10 5.88384e-13
2.64696e-10 5.9118e-13
2.64654e-10 5.86073e-13
2.64672e-10 5.79848e-13
2.64742e-10 5.77841e-13
2.64736e-10 5.71624e-13
2.64793e-10 5.6832e-13
2.64865e-10 5.66871e-13
2.64874e-10 5.61009e-13
2.64878e-10 5.5521e-13
2.64839e-10 5.50884e-13
2.64858e-10 5.45628e-13
2.6486e-10 5.40147e-13
