8.06531e-11 0
8.10342e-11 3.81124e-13
7.99552e-11 1.10125e-12
7.91355e-11 1.1306e-12
7.85884e-11 1.03263e-12
7.86113e-11 8.43449e-13
7.88011e-11 7.37681e-13
7.90517e-11 6.86251e-13
7.90491e-11 6.05222e-13
7.97399e-11 8.77618e-13
7.99134e-11 8.12582e-13
7.97784e-11 7.53975e-13
7.97953e-11 6.93761e-13
8.0159e-11 7.38146e-13
8.02862e-11 6.98843e-13
8.01252e-11 6.73238e-13
8.00104e-11 6.42732e-13
7.99923e-11 6.06245e-13
7.99168e-11 5.78404e-13
8.00976e-11 5.77755e-13
8.01219e-11 5.50093e-13
8.00956e-11 5.25155e-13
7.9982e-11 5.14501e-13
7.99988e-11 4.92884e-13
7.9815e-11 5.07208e-13
7.97985e-11 4.87589e-13
7.99203e-11 4.84738e-13
7.98353e-11 4.74774e-13
7.99894e-11 4.83322e-13
7.99286e-11 4.70872e-13
7.99006e-11 4.56293e-13
7.98474e-11 4.44994e-13
7.98576e-11 4.31419e-13
7.97433e-11 4.33857e-13
7.9737e-11 4.21325e-13
7.96961e-11 4.11501e-13
7.96061e-11 4.102e-13
7.97175e-11 4.14496e-13
7.96638e-11 4.07287e-13
7.96258e-11 3.98788e-13
7.96213e-11 3.88965e-13
7.9569e-11 3.83176e-13
7.95089e-11 3.78955e-13
7.95034e-11 3.70283e-13
7.94661e-11 3.63872e-13
7.94901e-11 3.56682e-13
7.9501e-11 3.4918e-13
7.94434e-11 3.46642e-13
7.94648e-11 3.40163e-13
7.94725e-11 3.33381e-13
7.94473e-11 3.27755e-13
7.94525e-11 3.21433e-13
7.94096e-11 3.18219e-13
7.93841e-11 3.13312e-13
7.93187e-11 3.14427e-13
7.92774e-11 3.11512e-13
7.92336e-11 3.09114e-13
7.92821e-11 3.07574e-13
7.92677e-11 3.02659e-13
7.92547e-11 2.97853e-13
7.929e-11 2.95044e-13
7.9291e-11 2.90249e-13
7.93267e-11 2.87819e-13
7.93188e-11 2.83394e-13
7.93454e-11 2.80262e-13
7.93258e-11 2.76676e-13
7.92978e-11 2.73957e-13
7.92478e-11 2.74476e-13
7.92481e-11 2.70469e-13
7.92748e-11 2.67912e-13
7.93244e-11 2.68729e-13
7.93658e-11 2.68183e-13
7.93318e-11 2.6665e-13
7.92917e-11 2.66071e-13
7.93368e-11 2.66357e-13
7.92898e-11 2.67008e-13
7.92893e-11 2.63518e-13
7.92722e-11 2.60678e-13
7.92491e-11 2.58394e-13
7.92309e-11 2.55788e-13
7.92215e-11 2.52785e-13
7.9207e-11 2.50108e-13
7.92206e-11 2.4745e-13
7.92599e-11 2.47636e-13
7.92682e-11 2.44846e-13
7.92736e-11 2.42041e-13
7.92501e-11 2.40388e-13
7.93041e-11 2.4369e-13
7.92999e-11 2.40974e-13
7.92742e-11 2.3966e-13
7.92169e-11 2.43841e-13
7.91933e-11 2.42325e-13
7.91797e-11 2.4009e-13
7.91828e-11 2.37543e-13
7.91654e-11 2.35677e-13
7.91298e-11 2.35912e-13
7.91402e-11 2.337e-13
7.91529e-11 2.31654e-13
7.91705e-11 2.29974e-13
7.92144e-11 2.31868e-13
