           1     105.046
           2       76.46
           3      67.041
           4     65.8802
           5     59.0881
           6     52.0948
           7     47.3013
           8     39.5284
           9     37.5099
          10     36.4039
          11     36.4039
          12      35.754
          13     35.4742
          14     33.3426
          15     33.3426
          16      33.285
          17      33.285
          18     32.5511
          19     32.3109
          20     32.3109
          21     32.0045
          22     32.0045
          23     32.0045
          24     32.0045
          25     32.0045
          26     32.0045
          27     32.0045
          28     32.0045
          29     32.0045
          30     32.0045
          31     32.0045
          32     32.0045
          33     32.0045
          34     32.0045
          35     32.0045
          36     32.0622
          37     32.0045
          38     32.0045
          39     32.0045
          40     32.0045
          41     32.0045
          42     32.0045
          43     32.0045
          44     32.0045
          45     32.0045
          46     32.0045
          47     32.0045
          48     32.0045
          49     32.0045
          50     32.0045
          51     32.0045
          52     32.0045
          53     32.0045
          54     32.0045
          55     32.0045
          56     32.0045
          57     32.0045
          58     32.0045
          59     32.0045
          60     32.0045
          61     32.0045
          62     32.0045
          63     32.0045
          64     32.0045
          65     32.0045
          66     32.0045
          67     32.0045
          68     32.0045
          69     32.0045
          70     32.0045
          71     32.0045
          72     32.0045
          73     32.0045
          74     32.0045
          75     32.0045
          76     32.0045
          77     32.0045
          78     32.0045
          79     32.0045
          80     32.0045
          81     32.0045
          82     32.0045
          83     32.0045
          84     32.0045
          85     32.0045
          86     32.0045
          87     32.0045
          88     32.0045
          89     32.0045
          90     32.0045
          91     32.0045
          92     32.0045
          93     32.0045
          94     32.0045
          95     32.0045
          96     32.0045
          97     32.0045
          98     32.0045
          99     32.0045
         100     32.0045
         101     32.0045
         102     32.0045
         103     32.0045
         104     32.0045
         105     32.0045
         106     32.0045
         107     32.0045
         108     32.0045
         109     32.0045
         110     32.0045
         111     32.0045
         112     32.0045
         113     32.0045
         114     32.0045
         115     32.0045
         116     32.0045
         117     32.0045
         118     32.0045
         119     32.0045
         120     32.0045
         121     32.0045
         122     32.0045
         123     32.0045
         124     32.0045
         125     32.0045
         126     32.0045
         127     32.0045
         128     32.0045
         129     32.0045
         130     32.0045
         131     32.0045
         132     32.0045
         133     32.0045
         134     32.0045
         135     32.0045
         136     32.0045
         137     32.0045
         138     32.0045
         139     32.0045
         140     32.0045
         141     32.0045
         142     32.0045
         143     32.0045
         144     32.0045
         145     32.0045
         146     32.0045
         147     32.0045
         148     32.0045
         149     32.0045
         150     32.0045
         151     32.0045
         152     31.2315
         153     31.2315
         154     31.2315
         155     31.2315
         156     31.2315
         157     31.2315
         158     31.2315
         159     31.2315
         160     31.2315
         161     31.2315
         162     31.2315
         163     31.2315
         164     31.2315
         165     31.2315
         166     31.2315
         167     31.2315
         168     31.2315
         169     31.2315
         170     31.2315
         171     31.2315
         172     31.2315
         173     31.2315
         174     31.2315
         175     31.2315
         176     31.2315
         177     31.2315
         178     31.2315
         179     31.2315
         180     31.2315
         181     31.2315
         182     31.2315
         183     31.2315
         184     31.2315
         185     31.2315
         186     31.2315
         187     31.2315
         188     31.2315
         189     31.2315
         190     31.2315
         191     31.2315
         192     31.2315
         193     31.2315
         194     31.2315
         195     31.2315
         196     31.2315
         197     31.2315
         198     31.2315
         199     31.2315
         200     31.2315
         201     31.2315
         202     31.2315
         203     31.2315
         204     31.2315
         205     31.2315
         206     31.2315
         207     31.2315
         208     31.2315
         209     31.2315
         210     31.2315
         211     31.2315
         212     31.2315
         213     31.2315
         214     31.2315
         215     31.2315
         216     31.2315
         217     31.2315
         218     31.2315
         219     31.2315
         220     31.2315
         221     31.2315
         222     31.2315
         223     31.2315
         224     31.2315
         225     31.2315
         226     31.2315
         227     31.2315
         228     31.2315
         229     31.2315
         230     31.2315
         231     31.2315
         232     31.2315
         233     31.2315
         234     31.2315
         235     31.2315
         236     31.2315
         237     31.2315
         238     31.2315
         239     31.2315
         240     31.2315
         241     31.2315
         242     31.2315
         243     31.2315
         244     31.2315
         245     31.2315
         246     31.2315
         247     31.2315
         248     31.2315
         249     31.2315
         250     31.2315
         251     31.2315
         252     31.2315
         253     31.2315
         254     31.2315
         255     31.2315
         256     31.2315
         257     31.2315
         258     31.2315
         259     31.2315
         260     31.2315
         261     31.2315
         262     31.2315
         263     31.2315
         264     31.2315
         265     31.2315
         266     31.2315
         267     31.2315
         268     31.2315
         269     31.2315
         270     31.2315
         271     31.2315
         272     31.2315
         273     31.2315
         274     31.2315
         275     31.2315
         276     31.2315
         277     31.2315
         278     31.2315
         279     31.2315
         280     31.2315
         281     31.2315
         282     31.2315
         283     31.2315
         284     31.2315
         285     31.2315
         286     31.2315
         287     31.2315
         288     31.2315
         289     31.2315
         290     31.2315
         291     31.2315
         292     31.2315
         293     31.2315
         294     31.2315
         295     31.2315
         296     31.2315
         297     31.2315
         298     31.2315
         299     31.2315
         300     31.2315
         301     31.2315
         302     31.2315
         303     31.2315
         304     31.2315
         305     31.2315
         306     31.2315
         307     31.2315
         308     31.2315
         309     31.2315
         310     31.2315
         311     31.2315
         312     31.2315
         313     31.2315
         314     31.2315
         315     31.2315
         316     31.2315
         317     31.2315
         318     31.2315
         319     31.2315
         320     31.2315
         321     31.2315
         322     31.2315
         323     31.2315
         324     31.2315
         325     31.2315
         326     31.2315
         327     31.2315
         328     31.2315
         329     31.2315
         330     31.2315
         331     31.2315
         332     31.2315
         333     31.2315
         334     31.2315
         335     31.2315
         336     31.2315
         337     31.2315
         338     31.2315
         339     31.2315
         340     31.2315
         341     31.2315
         342     31.2315
         343     31.2315
         344     31.2315
         345     31.2315
         346     31.2315
         347     31.2315
         348     31.2315
         349     31.2315
         350     31.2315
         351     31.2315
         352     31.2315
         353     31.2315
         354     31.2315
         355     31.2315
         356     31.2315
         357     31.2315
         358     31.2315
         359     31.2315
         360     31.2315
         361     31.2315
         362     31.2315
         363     31.2315
         364     31.2315
         365     31.2315
         366     31.2315
         367     31.2315
         368     31.2315
         369     31.2315
         370     31.2315
         371     31.2315
         372     31.2315
         373     31.2315
         374     31.2315
         375     31.2315
         376     31.2315
         377     31.2315
         378     31.2315
         379     31.2315
         380     31.2315
         381     31.2315
         382     31.2315
         383     31.2315
         384     31.2315
         385     31.2315
         386     31.2315
         387     31.2315
         388     31.2315
         389     31.2315
         390     31.2315
         391     31.2315
         392     31.2315
         393     31.2315
         394     31.2315
         395     31.2315
         396     31.2315
         397     31.2315
         398     31.2315
         399     31.2315
         400     31.2315
         401     31.2315
         402     31.2315
         403     31.2315
         404     31.2315
         405     31.2315
         406     31.2315
         407     31.2315
         408     31.2315
         409     31.2315
         410     31.2315
         411     31.2315
         412     31.2315
         413     31.2315
         414     31.2315
         415     31.2315
         416     31.2315
         417     31.2315
         418     31.2315
         419     31.2315
         420     31.2315
         421     31.2315
         422     31.2315
         423     31.2315
         424     31.2315
         425     31.2315
         426     31.2315
         427     31.2315
         428     31.2315
         429     31.2315
         430     31.2315
         431     31.2315
         432     31.2315
         433     31.2315
         434     31.2315
         435     31.2315
         436     31.2315
         437     31.2315
         438     31.2315
         439     31.2315
         440     31.2315
         441     31.2315
         442     31.2315
         443     31.2315
         444     31.2315
         445     31.2315
         446     31.2315
         447     31.2315
         448     31.2315
         449     31.2315
         450     31.2315
         451     31.2315
         452     31.2315
         453     31.2315
         454     31.2315
         455     31.2315
         456     31.2315
         457     31.2315
         458     31.2315
         459     31.2315
         460     31.2315
         461     31.2315
         462     31.2315
         463     31.2315
         464     31.2315
         465     31.2315
         466     31.2315
         467     31.2315
         468     31.2315
         469     31.2315
         470     31.2315
         471     31.2315
         472     31.2315
         473     31.2315
         474     31.2315
         475     31.2315
         476     31.2315
         477     31.2315
         478     31.2315
         479     31.2315
         480     31.2315
         481     31.2315
         482     31.2315
         483     31.2315
         484     31.2315
         485     31.2315
         486     31.2315
         487     31.2315
         488     31.2315
         489     31.2315
         490     31.2315
         491     31.2315
         492     31.2315
         493     31.2315
         494     31.2315
         495     31.2315
         496     31.2315
         497     31.2315
         498     31.2315
         499     31.2315
         500     31.2315
         501     31.2315
         502     31.2315
         503     31.2315
         504     31.2315
         505     31.2315
         506     31.2315
         507     31.2315
         508     31.2315
         509     31.2315
         510     31.2315
         511     31.2315
         512     31.2315
         513     31.2315
         514     31.2315
         515     31.2315
         516     31.2315
         517     31.2315
         518     31.2315
         519     31.2315
         520     31.2315
         521     31.2315
         522     31.2315
         523     31.2315
         524     31.2315
         525     31.2315
         526     31.2315
         527     31.2315
         528     31.2315
         529     31.2315
         530     31.2315
         531     31.2315
         532     31.2315
         533     31.2315
         534     31.2315
         535     31.2315
         536     31.2315
         537     31.2315
         538     31.2315
         539     31.2315
         540     31.2315
         541     31.2315
         542     31.2315
         543     31.2315
         544     31.2315
         545     31.2315
         546     31.2315
         547     31.2315
         548     31.2315
         549     31.2315
         550     31.2315
         551     31.2315
         552     31.2315
         553     31.2315
         554     31.2315
         555     31.2315
         556     31.2315
         557     31.2315
         558     31.2315
         559     31.2315
         560     31.2315
         561     31.2315
         562     31.2315
         563     31.2315
         564     31.2315
         565     31.2315
         566     31.2315
         567     31.2315
         568     31.2315
         569     31.2315
         570     31.2315
         571     31.2315
         572     31.2315
         573     31.2315
         574     31.2315
         575     31.2315
         576     31.2315
         577     31.2315
         578     31.2315
         579     31.2315
         580     31.2315
         581     31.2315
         582     31.2315
         583     31.2315
         584     31.2315
         585     31.2315
         586     31.2315
         587     31.2315
         588     31.2315
         589     31.2315
         590     31.2315
         591     31.2315
         592     31.2315
         593     31.2315
         594     31.2315
         595     31.2315
         596     31.2315
         597     31.2315
         598     31.2315
         599     31.2315
         600     31.2315
         601     31.2315
         602     31.2315
         603     31.2315
         604     31.2315
         605     31.2315
         606     31.2315
         607     31.2315
         608     31.2315
         609     31.2315
         610     31.2315
         611     31.2315
         612     31.2315
         613     31.2315
         614     31.2315
         615     31.2315
         616     31.2315
         617     31.2315
         618     31.2315
         619     31.2315
         620     31.2315
         621     31.2315
         622     31.2315
         623     31.2315
         624     31.2315
         625     31.2315
         626     31.2315
         627     31.2315
         628     31.2315
         629     31.2315
         630     31.2315
         631     31.2315
         632     31.2315
         633     31.2315
         634     31.2315
         635     31.2315
         636     31.2315
         637     31.2315
         638     31.2315
         639     31.2315
         640     31.2315
         641     31.2315
         642     31.2315
         643     31.2315
         644     31.2315
         645     31.2315
         646     31.2315
         647     31.2315
         648     31.2315
         649     31.2315
         650     31.2315
         651     31.2315
         652     31.2315
         653     31.2315
         654     31.2315
         655     31.2315
         656     31.2315
         657     31.2315
         658     31.2315
         659     31.2315
         660     31.2315
         661     31.2315
         662     31.2315
         663     31.2315
         664     31.2315
         665     31.2315
         666     31.2315
         667     31.2315
         668     31.2315
         669     31.2315
         670     31.2315
         671     31.2315
         672     31.2315
         673     31.2315
         674     31.2315
         675     31.2315
         676     31.2315
         677     31.2315
         678     31.2315
         679     31.2315
         680     31.2315
         681     31.2315
         682     31.2315
         683     31.2315
         684     31.2315
         685     31.2315
         686     31.2315
         687     31.2315
         688     31.2315
         689     31.2315
         690     31.2315
         691     31.2315
         692     31.2315
         693     31.2315
         694     31.2315
         695     31.2315
         696     31.2315
         697     31.2315
         698     31.2315
         699     31.2315
         700     31.2315
         701     31.2315
         702     31.2315
         703     31.2315
         704     31.2315
         705     31.2315
         706     31.2315
         707     31.2315
         708     31.2315
         709     31.2315
         710     31.2315
         711     31.2315
         712     31.2315
         713     31.2315
         714     31.2315
         715     31.2315
         716     31.2315
         717     31.2315
         718     31.2315
         719     31.2315
         720     31.2315
         721     31.2315
         722     31.2315
         723     31.2315
         724     31.2315
         725     31.2315
         726     31.2315
         727     31.2315
         728     31.2315
         729     31.2315
         730     31.2315
         731     31.2315
         732     31.2315
         733     31.2315
         734     31.2315
         735     31.2315
         736     31.2315
         737     31.2315
         738     31.2315
         739     31.2315
         740     31.2315
         741     31.2315
         742     31.2315
         743     31.2315
         744     31.2315
         745     31.2315
         746     31.2315
         747     31.2315
         748     31.2315
         749     31.2315
         750     31.2315
         751     31.2315
         752     31.2315
         753     31.2315
         754     31.2315
         755     31.2315
         756     31.2315
         757     31.2315
         758     31.2315
         759     31.2315
         760     31.2315
         761     31.2315
         762     31.2315
         763     31.2315
         764     31.2315
         765     31.2315
         766     31.2315
         767     31.2315
         768     31.2315
         769     31.2315
         770     31.2315
         771     31.2315
         772     31.2315
         773     31.2315
         774     31.2315
         775     31.2315
         776     31.2315
         777     31.2315
         778     31.2315
         779     31.2315
         780     31.2315
         781     31.2315
         782     31.2315
         783     31.2315
         784     31.2315
         785     31.2315
         786     31.2315
         787     31.2315
         788     31.2315
         789     31.2315
         790     31.2315
         791     31.2315
         792     31.2315
         793     31.2315
         794     31.2315
         795     31.2315
         796     31.2315
         797     31.2315
         798     31.2315
         799     31.2315
         800     31.2315
         801     31.2315
         802     31.2315
         803     31.2315
         804     31.2315
         805     31.2315
         806     31.2315
         807     31.2315
         808     31.2315
         809     31.2315
         810     31.2315
         811     31.2315
         812     31.2315
         813     31.2315
         814     31.2315
         815     31.2315
         816     31.2315
         817     31.2315
         818     31.2315
         819     31.2315
         820     31.2315
         821     31.2315
         822     31.2315
         823     31.2315
         824     31.2315
         825     31.2315
         826     31.2315
         827     31.2315
         828     31.2315
         829     31.2315
         830     31.2315
         831     31.2315
         832     31.2315
         833     31.2315
         834     31.2315
         835     31.2315
         836     31.2315
         837     31.2315
         838     31.2315
         839     31.2315
         840     31.2315
         841     31.2315
         842     31.2315
         843     31.2315
         844     31.2315
         845     31.2315
         846     31.2315
         847     31.2315
         848     31.2315
         849     31.2315
         850     31.2315
         851     31.2315
         852     31.2315
         853     31.2315
         854     31.2315
         855     31.2315
         856     31.2315
         857     31.2315
         858     31.2315
         859     31.2315
         860     31.2315
         861     31.2315
         862     31.2315
         863     31.2315
         864     31.2315
         865     31.2315
         866     31.2315
         867     31.2315
         868     31.2315
         869     31.2315
         870     31.2315
         871     31.2315
         872     31.2315
         873     31.2315
         874     31.2315
         875     31.2315
         876     31.2315
         877     31.2315
         878     31.2315
         879     31.2315
         880     31.2315
         881     31.2315
         882     31.2315
         883     31.2315
         884     31.2315
         885     31.2315
         886     31.2315
         887     31.2315
         888     31.2315
         889     31.2315
         890     31.2315
         891     31.2315
         892     31.2315
         893     31.2315
         894     31.2315
         895     31.2315
         896     31.2315
         897     31.2315
         898     31.2315
         899     31.2315
         900     31.2315
         901     31.2315
         902     31.2315
         903     31.2315
         904     31.2315
         905     31.2315
         906     31.2315
         907     31.2315
         908     31.2315
         909     31.2315
         910     31.2315
         911     31.2315
         912     31.2315
         913     31.2315
         914     31.2315
         915     31.2315
         916     31.2315
         917     31.2315
         918     31.2315
         919     31.2315
         920     31.2315
         921     31.2315
         922     31.2315
         923     31.2315
         924     31.2315
         925     31.2315
         926     31.2315
         927     31.2315
         928     31.2315
         929     31.2315
         930     31.2315
         931     31.2315
         932     31.2315
         933     31.2315
         934     31.2315
         935     31.2315
         936     31.2315
         937     31.2315
         938     31.2315
         939     31.2315
         940     31.2315
         941     31.2315
         942     31.2315
         943     31.2315
         944     31.2315
         945     31.2315
         946     31.2315
         947     31.2315
         948     31.2315
         949     31.2315
         950     31.2315
         951     31.2315
         952     31.2315
         953     31.2315
         954     31.2315
         955     31.2315
         956     31.2315
         957     31.2315
         958     31.2315
         959     31.2315
         960     31.2315
         961     31.2315
         962     31.2315
         963     31.2315
         964     31.2315
         965     31.2315
         966     31.2315
         967     31.2315
         968     31.2315
         969     31.2315
         970     31.2315
         971     31.2315
         972     31.2315
         973     31.2315
         974     31.2315
         975     31.2315
         976     31.2315
         977     31.2315
         978     31.2315
         979     31.2315
         980     31.2315
         981     31.2315
         982     31.2315
         983     31.2315
         984     31.2315
         985     31.2315
         986     31.2315
         987     31.2315
         988     31.2315
         989     31.2315
         990     31.2315
         991     31.2315
         992     31.2315
         993     31.2315
         994     31.2315
         995     31.2315
         996     31.2315
         997     31.2315
         998     31.2315
         999     31.2315
        1000     31.2315
        1001     31.2315
        1002     31.2315
        1003     31.2315
        1004     31.2315
        1005     31.2315
        1006     31.2315
        1007     31.2315
        1008     31.2315
        1009     31.2315
        1010     31.2315
        1011     31.2315
        1012     31.2315
        1013     31.2315
        1014     31.2315
        1015     31.2315
        1016     31.2315
        1017     31.2315
        1018     31.2315
        1019     31.2315
        1020     31.2315
        1021     31.2315
        1022     31.2315
        1023     31.2315
        1024     31.2315
        1025     31.2315
        1026     31.2315
        1027     31.2315
        1028     31.2315
        1029     31.2315
        1030     31.2315
        1031     31.2315
        1032     31.2315
        1033     31.2315
        1034     31.2315
        1035     31.2315
        1036     31.2315
        1037     31.2315
        1038     31.2315
        1039     31.2315
        1040     31.2315
        1041     31.2315
        1042     31.2315
        1043     31.2315
        1044     31.2315
        1045     31.2315
        1046     31.2315
        1047     31.2315
        1048     31.2315
        1049     31.2315
        1050     31.2315
        1051     31.2315
        1052     31.2315
        1053     31.2315
        1054     31.2315
        1055     31.2315
        1056     31.2315
        1057     31.2315
        1058     31.2315
        1059     31.2315
        1060     31.2315
        1061     31.2315
        1062     31.2315
        1063     31.2315
        1064     31.2315
        1065     31.2315
        1066     31.2315
        1067     31.2315
        1068     31.2315
        1069     31.2315
        1070     31.2315
        1071     31.2315
        1072     31.2315
        1073     31.2315
        1074     31.2315
        1075     31.2315
        1076     31.2315
        1077     31.2315
        1078     31.2315
        1079     31.2315
        1080     31.2315
        1081     31.2315
        1082     31.2315
        1083     31.2315
        1084     31.2315
        1085     31.2315
        1086     31.2315
        1087     31.2315
        1088     31.2315
        1089     31.2315
        1090     31.2315
        1091     31.2315
        1092     31.2315
        1093     31.2315
        1094     31.2315
        1095     31.2315
        1096     31.2315
        1097     31.2315
        1098     31.2315
        1099     31.2315
        1100     31.2315
        1101     31.2315
        1102     31.2315
        1103     31.2315
        1104     31.2315
        1105     31.2315
        1106     31.2315
        1107     31.2315
        1108     31.2315
        1109     31.2315
        1110     31.2315
        1111     31.2315
        1112     31.2315
        1113     31.2315
        1114     31.2315
        1115     31.2315
        1116     31.2315
        1117     31.2315
        1118     31.2315
        1119     31.2315
        1120     31.2315
        1121     31.2315
        1122     31.2315
        1123     31.2315
        1124     31.2315
        1125     31.2315
        1126     31.2315
        1127     31.2315
        1128     31.2315
        1129     31.2315
        1130     31.2315
        1131     31.2315
        1132     31.2315
        1133     31.2315
        1134     31.2315
        1135     31.2315
        1136     31.2315
        1137     31.2315
        1138     31.2315
        1139     31.2315
        1140     31.2315
        1141     31.2315
        1142     31.2315
        1143     31.2315
        1144     31.2315
        1145     31.2315
        1146     31.2315
        1147     31.2315
        1148     31.2315
        1149     31.2315
        1150     31.2315
        1151     31.2315
        1152     31.2315
        1153     31.2315
        1154     31.2315
        1155     31.2315
        1156     31.2315
        1157     31.2315
        1158     31.2315
        1159     31.2315
        1160     31.2315
        1161     31.2315
        1162     31.2315
        1163     31.2315
        1164     31.2315
        1165     31.2315
        1166     31.2315
        1167     31.2315
        1168     31.2315
        1169     31.2315
        1170     31.2315
        1171     31.2315
        1172     31.2315
        1173     31.2315
        1174     31.2315
        1175     31.2315
        1176     31.2315
        1177     31.2315
        1178     31.2315
        1179     31.2315
        1180     31.2315
        1181     31.2315
        1182     31.2315
        1183     31.2315
        1184     31.2315
        1185     31.2315
        1186     31.2315
        1187     31.2315
        1188     31.2315
        1189     31.2315
        1190     31.2315
        1191     31.2315
        1192     31.2315
        1193     31.2315
        1194     31.2315
        1195     31.2315
        1196     31.2315
        1197     31.2315
        1198     31.2315
        1199     31.2315
        1200     31.2315
        1201     31.2315
        1202     31.2315
        1203     31.2315
        1204     31.2315
        1205     31.2315
        1206     31.2315
        1207     31.2315
        1208     31.2315
        1209     31.2315
        1210     31.2315
        1211     31.2315
        1212     31.2315
        1213     31.2315
        1214     31.2315
        1215     31.2315
        1216     31.2315
        1217     31.2315
        1218     31.2315
        1219     31.2315
        1220     31.2315
        1221     31.2315
        1222     31.2315
        1223     31.2315
        1224     31.2315
        1225     31.2315
        1226     31.2315
        1227     31.2315
        1228     31.2315
        1229     31.2315
        1230     31.2315
        1231     31.2315
        1232     31.2315
        1233     31.2315
        1234     31.2315
        1235     31.2315
        1236     31.2315
        1237     31.2315
        1238     31.2315
        1239     31.2315
        1240     31.2315
        1241     31.2315
        1242     31.2315
        1243     31.2315
        1244     31.2315
        1245     31.2315
        1246     31.2315
        1247     31.2315
        1248     31.2315
        1249     31.2315
        1250     31.2315
        1251     31.2315
        1252     31.2315
        1253     31.2315
        1254     31.2315
        1255     31.2315
        1256     31.2315
        1257     31.2315
        1258     31.2315
        1259     31.2315
        1260     31.2315
        1261     31.2315
        1262     31.2315
        1263     31.2315
        1264     31.2315
        1265     31.2315
        1266     31.2315
        1267     31.2315
        1268     31.2315
        1269     31.2315
        1270     31.2315
        1271     31.2315
        1272     31.2315
        1273     31.2315
        1274     31.2315
        1275     31.2315
        1276     31.2315
        1277     31.2315
        1278     31.2315
        1279     31.2315
        1280     31.2315
        1281     31.2315
        1282     31.2315
        1283     31.2315
        1284     31.2315
        1285     31.2315
        1286     31.2315
        1287     31.2315
        1288     31.2315
        1289     31.2315
        1290     31.2315
        1291     31.2315
        1292     31.2315
        1293     31.2315
        1294     31.2315
        1295     31.2315
        1296     31.2315
        1297     31.2315
        1298     31.2315
        1299     31.2315
        1300     31.2315
        1301     31.2315
        1302     31.2315
        1303     31.2315
        1304     31.2315
        1305     31.2315
        1306     31.2315
        1307     31.2315
        1308     31.2315
        1309     31.2315
        1310     31.2315
        1311     31.2315
        1312     31.2315
        1313     31.2315
        1314     31.2315
        1315     31.2315
        1316     31.2315
        1317     31.2315
        1318     31.2315
        1319     31.2315
        1320     31.2315
        1321     31.2315
        1322     31.2315
        1323     31.2315
        1324     31.2315
        1325     31.2315
        1326     31.2315
        1327     31.2315
        1328     31.2315
        1329     31.2315
        1330     31.2315
        1331     31.2315
        1332     31.2315
        1333     31.2315
        1334     31.2315
        1335     31.2315
        1336     31.2315
        1337     31.2315
        1338     31.2315
        1339     31.2315
        1340     31.2315
        1341     31.2315
        1342     31.2315
        1343     31.2315
        1344     31.2315
        1345     31.2315
        1346     31.2315
        1347     31.2315
        1348     31.2315
        1349     31.2315
        1350     31.2315
        1351     31.2315
        1352     31.2315
        1353     31.2315
        1354     31.2315
        1355     31.2315
        1356     31.2315
        1357     31.2315
        1358     31.2315
        1359     31.2315
        1360     31.2315
        1361     31.2315
        1362     31.2315
        1363     31.2315
        1364     31.2315
        1365     31.2315
        1366     31.2315
        1367     31.2315
        1368     31.2315
        1369     31.2315
        1370     31.2315
        1371     31.2315
        1372     31.2315
        1373     31.2315
        1374     31.2315
        1375     31.2315
        1376     31.2315
        1377     31.2315
        1378     31.2315
        1379     31.2315
        1380     31.2315
        1381     31.2315
        1382     31.2315
        1383     31.2315
        1384     31.2315
        1385     31.2315
        1386     31.2315
        1387     31.2315
        1388     31.2315
        1389     31.2315
        1390     31.2315
        1391     31.2315
        1392     31.2315
        1393     31.2315
        1394     31.2315
        1395     31.2315
        1396     31.2315
        1397     31.2315
        1398     31.2315
        1399     31.2315
        1400     31.2315
        1401     31.2315
        1402     31.2315
        1403     31.2315
        1404     31.2315
        1405     31.2315
        1406     31.2315
        1407     31.2315
        1408     31.2315
        1409     31.2315
        1410     31.2315
        1411     31.2315
        1412     31.2315
        1413     31.2315
        1414     31.2315
        1415     31.2315
        1416     31.2315
        1417     31.2315
        1418     31.2315
        1419     31.2315
        1420     31.2315
        1421     31.2315
        1422     31.2315
        1423     31.2315
        1424     31.2315
        1425     31.2315
        1426     31.2315
        1427     31.2315
        1428     31.2315
        1429     31.2315
        1430     31.2315
        1431     31.2315
        1432     31.2315
        1433     31.2315
        1434     31.2315
        1435     31.2315
        1436     31.2315
        1437     31.2315
        1438     31.2315
        1439     31.2315
        1440     31.2315
        1441     31.2315
        1442     31.2315
        1443     31.2315
        1444     31.2315
        1445     31.2315
        1446     31.2315
        1447     31.2315
        1448     31.2315
        1449     31.2315
        1450     31.2315
        1451     31.2315
        1452     31.2315
        1453     31.2315
        1454     31.2315
        1455     31.2315
        1456     31.2315
        1457     31.2315
        1458     31.2315
        1459     31.2315
        1460     31.2315
        1461     31.2315
        1462     31.2315
        1463     31.2315
        1464     31.2315
        1465     31.2315
        1466     31.2315
        1467     31.2315
        1468     31.2315
        1469     31.2315
        1470     31.2315
        1471     31.2315
        1472     31.2315
        1473     31.2315
        1474     31.2315
        1475     31.2315
        1476     31.2315
        1477     31.2315
        1478     31.2315
        1479     31.2315
        1480     31.2315
        1481     31.2315
        1482     31.2315
        1483     31.2315
        1484     31.2315
        1485     31.2315
        1486     31.2315
        1487     31.2315
        1488     31.2315
        1489     31.2315
        1490     31.2315
        1491     31.2315
        1492     31.2315
        1493     31.2315
        1494     31.2315
        1495     31.2315
        1496     31.2315
        1497     31.2315
        1498     31.2315
        1499     31.2315
        1500     31.2315
        1501     31.2315
        1502     31.2315
        1503     31.2315
        1504     31.2315
        1505     31.2315
        1506     31.2315
        1507     31.2315
        1508     31.2315
        1509     31.2315
        1510     31.2315
        1511     31.2315
        1512     31.2315
        1513     31.2315
        1514     31.2315
        1515     31.2315
        1516     31.2315
        1517     31.2315
        1518     31.2315
        1519     31.2315
        1520     31.2315
        1521     31.2315
        1522     31.2315
        1523     31.2315
        1524     31.2315
        1525     31.2315
        1526     31.2315
        1527     31.2315
        1528     31.2315
        1529     31.2315
        1530     31.2315
        1531     31.2315
        1532     31.2315
        1533     31.2315
        1534     31.2315
        1535     31.2315
        1536     31.2315
        1537     31.2315
        1538     31.2315
        1539     31.2315
        1540     31.2315
        1541     31.2315
        1542     31.2315
        1543     31.2315
        1544     31.2315
        1545     31.2315
        1546     31.2315
        1547     31.2315
        1548     31.2315
        1549     31.2315
        1550     31.2315
        1551     31.2315
        1552     31.2315
        1553     31.2315
        1554     31.2315
        1555     31.2315
        1556     31.2315
        1557     31.2315
        1558     31.2315
        1559     31.2315
        1560     31.2315
        1561     31.2315
        1562     31.2315
        1563     31.2315
        1564     31.2315
        1565     31.2315
        1566     31.2315
        1567     31.2315
        1568     31.2315
        1569     31.2315
        1570     31.2315
        1571     31.2315
        1572     31.2315
        1573     31.2315
        1574     31.2315
        1575     31.2315
        1576     31.2315
        1577     31.2315
        1578     31.2315
        1579     31.2315
        1580     31.2315
        1581     31.2315
        1582     31.2315
        1583     31.2315
        1584     31.2315
        1585     31.2315
        1586     31.2315
        1587     31.2315
        1588     31.2315
        1589     31.2315
        1590     31.2315
        1591     31.2315
        1592     31.2315
        1593     31.2315
        1594     31.2315
        1595     31.2315
        1596     31.2315
        1597     31.2315
        1598     31.2315
        1599     31.2315
        1600     31.2315
        1601     31.2315
        1602     31.2315
        1603     31.2315
        1604     31.2315
        1605     31.2315
        1606     31.2315
        1607     31.2315
        1608     31.2315
        1609     31.2315
        1610     31.2315
        1611     31.2315
        1612     31.2315
        1613     31.2315
        1614     31.2315
        1615     31.2315
        1616     31.2315
        1617     31.2315
        1618     31.2315
        1619     31.2315
        1620     31.2315
        1621     31.2315
        1622     31.2315
        1623     31.2315
        1624     31.2315
        1625     31.2315
        1626     31.2315
        1627     31.2315
        1628     31.2315
        1629     31.2315
        1630     31.2315
        1631     31.2315
        1632     31.2315
        1633     31.2315
        1634     31.2315
        1635     31.2315
        1636     31.2315
        1637     31.2315
        1638     31.2315
        1639     31.2315
        1640     31.2315
        1641     31.2315
        1642     31.2315
        1643     31.2315
        1644     31.2315
        1645     31.2315
        1646     31.2315
        1647     31.2315
        1648     31.2315
        1649     31.2315
        1650     31.2315
        1651     31.2315
        1652     31.2315
        1653     31.2315
        1654     31.2315
        1655     31.2315
        1656     31.2315
        1657     31.2315
        1658     31.2315
        1659     31.2315
        1660     31.2315
        1661     31.2315
        1662     31.2315
        1663     31.2315
        1664     31.2315
        1665     31.2315
        1666     31.2315
        1667     31.2315
        1668     31.2315
        1669     31.2315
        1670     31.2315
        1671     31.2315
        1672     31.2315
        1673     31.2315
        1674     31.2315
        1675     31.2315
        1676     31.2315
        1677     31.2315
        1678     31.2315
        1679     31.2315
        1680     31.2315
        1681     31.2315
        1682     31.2315
        1683     31.2315
        1684     31.2315
        1685     31.2315
        1686     31.2315
        1687     31.2315
        1688     31.2315
        1689     31.2315
        1690     31.2315
        1691     31.2315
        1692     31.2315
        1693     31.2315
        1694     31.2315
        1695     31.2315
        1696     31.2315
        1697     31.2315
        1698     31.2315
        1699     31.2315
        1700     31.2315
        1701     31.2315
        1702     31.2315
        1703     31.2315
        1704     31.2315
        1705     31.2315
        1706     31.2315
        1707     31.2315
        1708     31.2315
        1709     31.2315
        1710     31.2315
        1711     31.2315
        1712     31.2315
        1713     31.2315
        1714     31.2315
        1715     31.2315
        1716     31.2315
        1717     31.2315
        1718     31.2315
        1719     31.2315
        1720     31.2315
        1721     31.2315
        1722     31.2315
        1723     31.2315
        1724     31.2315
        1725     31.2315
        1726     31.2315
        1727     31.2315
        1728     31.2315
        1729     31.2315
        1730     31.2315
        1731     31.2315
        1732     31.2315
        1733     31.2315
        1734     31.2315
        1735     31.2315
        1736     31.2315
        1737     31.2315
        1738     31.2315
        1739     31.2315
        1740     31.2315
        1741     31.2315
        1742     31.2315
        1743     31.2315
        1744     31.2315
        1745     31.2315
        1746     31.2315
        1747     31.2315
        1748     31.2315
        1749     31.2315
        1750     31.2315
        1751     31.2315
        1752     31.2315
        1753     31.2315
        1754     31.2315
        1755     31.2315
        1756     31.2315
        1757     31.2315
        1758     31.2315
        1759     31.2315
        1760     31.2315
        1761     31.2315
        1762     31.2315
        1763     31.2315
        1764     31.2315
        1765     31.2315
        1766     31.2315
        1767     31.2315
        1768     31.2315
        1769     31.2315
        1770     31.2315
        1771     31.2315
        1772     31.2315
        1773     31.2315
        1774     31.2315
        1775     31.2315
        1776     31.2315
        1777     31.2315
        1778     31.2315
        1779     31.2315
        1780     31.2315
        1781     31.2315
        1782     31.2315
        1783     31.2315
        1784     31.2315
        1785     31.2315
        1786     31.2315
        1787     31.2315
        1788     31.2315
        1789     31.2315
        1790     31.2315
        1791     31.2315
        1792     31.2315
        1793     31.2315
        1794     31.2315
        1795     31.2315
        1796     31.2315
        1797     31.2315
        1798     31.2315
        1799     31.2315
        1800     31.2315
        1801     31.2315
        1802     31.2315
        1803     31.2315
        1804     31.2315
        1805     31.2315
        1806     31.2315
        1807     31.2315
        1808     31.2315
        1809     31.2315
        1810     31.2315
        1811     31.2315
        1812     31.2315
        1813     31.2315
        1814     31.2315
        1815     31.2315
        1816     31.2315
        1817     31.2315
        1818     31.2315
        1819     31.2315
        1820     31.2315
        1821     31.2315
        1822     31.2315
        1823     31.2315
        1824     31.2315
        1825     31.2315
        1826     31.2315
        1827     31.2315
        1828     31.2315
        1829     31.2315
        1830     31.2315
        1831     31.2315
        1832     31.2315
        1833     31.2315
        1834     31.2315
        1835     31.2315
        1836     31.2315
        1837     31.2315
        1838     31.2315
        1839     31.2315
        1840     31.2315
        1841     31.2315
        1842     31.2315
        1843     31.2315
        1844     31.2315
        1845     31.2315
        1846     31.2315
        1847     31.2315
        1848     31.2315
        1849     31.2315
        1850     31.2315
        1851     31.2315
        1852     31.2315
        1853     31.2315
        1854     31.2315
        1855     31.2315
        1856     31.2315
        1857     31.2315
        1858     31.2315
        1859     31.2315
        1860     31.2315
        1861     31.2315
        1862     31.2315
        1863     31.2315
        1864     31.2315
        1865     31.2315
        1866     31.2315
        1867     31.2315
        1868     31.2315
        1869     31.2315
        1870     31.2315
        1871     31.2315
        1872     31.2315
        1873     31.2315
        1874     31.2315
        1875     31.2315
        1876     31.2315
        1877     31.2315
        1878     31.2315
        1879     31.2315
        1880     31.2315
        1881     31.2315
        1882     31.2315
        1883     31.2315
        1884     31.2315
        1885     31.2315
        1886     31.2315
        1887     31.2315
        1888     31.2315
        1889     31.2315
        1890     31.2315
        1891     31.2315
        1892     31.2315
        1893     31.2315
        1894     31.2315
        1895     31.2315
        1896     31.2315
        1897     31.2315
        1898     31.2315
        1899     31.2315
        1900     31.2315
        1901     31.2315
        1902     31.2315
        1903     31.2315
        1904     31.2315
        1905     31.2315
        1906     31.2315
        1907     31.2315
        1908     31.2315
        1909     31.2315
        1910     31.2315
        1911     31.2315
        1912     31.2315
        1913     31.2315
        1914     31.2315
        1915     31.2315
        1916     31.2315
        1917     31.2315
        1918     31.2315
        1919     31.2315
        1920     31.2315
        1921     31.2315
        1922     31.2315
        1923     31.2315
        1924     31.2315
        1925     31.2315
        1926     31.2315
        1927     31.2315
        1928     31.2315
        1929     31.2315
        1930     31.2315
        1931     31.2315
        1932     31.2315
        1933     31.2315
        1934     31.2315
        1935     31.2315
        1936     31.2315
        1937     31.2315
        1938     31.2315
        1939     31.2315
        1940     31.2315
        1941     31.2315
        1942     31.2315
        1943     31.2315
        1944     31.2315
        1945     31.2315
        1946     31.2315
        1947     31.2315
        1948     31.2315
        1949     31.2315
        1950     31.2315
        1951     31.2315
        1952     31.2315
        1953     31.2315
        1954     31.2315
        1955     31.2315
        1956     31.2315
        1957     31.2315
        1958     31.2315
        1959     31.2315
        1960     31.2315
        1961     31.2315
        1962     31.2315
        1963     31.2315
        1964     31.2315
        1965     31.2315
        1966     31.2315
        1967     31.2315
        1968     31.2315
        1969     31.2315
        1970     31.2315
        1971     31.2315
        1972     31.2315
        1973     31.2315
        1974     31.2315
        1975     31.2315
        1976     31.2315
        1977     31.2315
        1978     31.2315
        1979     31.2315
        1980     31.2315
        1981     31.2315
        1982     31.2315
        1983     31.2315
        1984     31.2315
        1985     31.2315
        1986     31.2315
        1987     31.2315
        1988     31.2315
        1989     31.2315
        1990     31.2315
        1991     31.2315
        1992     31.2315
        1993     31.2315
        1994     31.2315
        1995     31.2315
        1996     31.2315
        1997     31.2315
        1998     31.2315
        1999     31.2315
        2000     31.2315
