0.998894 0
1.00585 0.00695394
0.986138 0.0201144
0.983378 0.0144884
0.988592 0.0123746
0.992936 0.0109981
0.988656 0.010233
0.990118 0.00898166
0.991558 0.00805107
0.992105 0.00722182
0.993491 0.00667779
0.994885 0.00625337
0.995301 0.00576727
0.996387 0.00544872
0.996606 0.0050772
0.996815 0.00475389
0.994588 0.00498989
0.991883 0.00542667
0.992574 0.00517941
0.992013 0.00494553
0.990917 0.00483028
0.993416 0.00523986
0.995992 0.00563089
0.997581 0.00562038
0.997939 0.00540273
0.99907 0.00531261
0.999673 0.00514748
0.999344 0.00497111
0.999654 0.00480666
0.999217 0.00466424
0.999063 0.00451391
1.00006 0.00448342
0.998666 0.00456439
0.998896 0.0044341
0.998945 0.00430582
0.999954 0.00430453
0.999033 0.00428667
0.998489 0.00420763
0.996706 0.00446946
0.995652 0.00448195
0.995322 0.00438371
0.995793 0.00430386
0.995925 0.00420466
0.9959 0.00410807
0.995913 0.00401577
0.995731 0.00393174
0.995505 0.00385379
0.995801 0.00378425
0.995615 0.00371088
0.995551 0.00363648
0.995551 0.00356446
0.995846 0.00350763
0.995493 0.00345888
0.995376 0.00339623
0.995569 0.00333948
0.995365 0.0032856
0.995952 0.00328032
0.996267 0.00323864
0.996734 0.0032173
0.997448 0.00324282
0.997669 0.0031969
0.997211 0.00317813
0.997423 0.00313448
0.998153 0.00317025
0.998698 0.00316835
0.998912 0.00312731
0.99911 0.00308659
0.999005 0.00304267
0.999178 0.00300325
0.999183 0.00296004
0.999326 0.00292154
0.999433 0.00288266
0.999403 0.00284305
0.999658 0.00281593
0.999441 0.00278659
0.999576 0.00275301
0.999796 0.00272589
1.00005 0.0027028
1.00009 0.0026686
1.0001 0.00263506
0.999902 0.00260983
1.00001 0.00257995
0.999916 0.00255029
0.999838 0.00252094
1.00013 0.00250792
1.00021 0.00248003
0.999426 0.00257451
0.999164 0.0025585
0.999259 0.00253135
0.999103 0.00250792
0.999458 0.00250559
0.999179 0.00249386
0.998593 0.00253574
0.998564 0.00250878
0.998747 0.002489
0.998785 0.00246323
0.998992 0.00244647
0.998686 0.00244068
0.998396 0.0024333
0.998845 0.00245039
0.998505 0.00244969
0.998424 0.00242692
0.998289 0.00240702
0.997976 0.00240414
0.997892 0.00238263
0.997511 0.00239058
0.997404 0.00237057
0.997809 0.00238324
0.997781 0.00236143
0.997683 0.00234194
0.998039 0.00234799
0.998132 0.00232877
0.997941 0.00231594
0.997896 0.00229598
0.997934 0.00227626
0.997887 0.00225704
0.998008 0.00224094
0.99777 0.00223463
0.997851 0.00221725
0.997587 0.00221446
0.997444 0.00220077
0.997602 0.00218841
0.99764 0.00217088
0.997542 0.00215556
0.997112 0.00218104
0.997056 0.00216439
0.997008 0.0021478
0.997029 0.00213105
0.996867 0.00212063
0.997251 0.00213903
0.997305 0.00212333
0.997406 0.00210961
0.997493 0.00209548
0.997473 0.00207988
0.997269 0.00207448
0.997439 0.00206615
0.997469 0.00205124
0.997531 0.00203724
0.997409 0.00202618
0.997455 0.00201218
0.997144 0.00202191
0.996797 0.00203728
0.996606 0.00203203
0.996567 0.00201824
0.996372 0.00201377
0.996255 0.00200335
0.996243 0.00198971
0.995992 0.00199203
0.996243 0.00199447
0.996302 0.00198199
0.996223 0.0019704
0.996111 0.00196056
0.996052 0.00194861
0.995832 0.00194836
0.995692 0.00194081
0.995646 0.00192888
0.995582 0.00191761
0.995514 0.00190664
0.995641 0.00189883
0.995659 0.00188701
0.995506 0.00188151
0.995578 0.00187124
0.995733 0.00186622
0.995736 0.00185481
0.995473 0.00186215
0.995265 0.00186262
0.995323 0.00185237
0.995452 0.00184577
0.995569 0.00183854
0.995777 0.00183953
0.995767 0.00182876
0.995968 0.00182913
0.995908 0.00181953
0.995946 0.00180944
0.996009 0.00180018
0.996014 0.00178993
0.996072 0.00178074
0.996255 0.00178014
0.996572 0.00179824
0.996725 0.00179477
0.996569 0.0017916
0.996844 0.00180283
0.996802 0.00179345
0.996733 0.00178501
0.996819 0.00177741
0.996591 0.00178249
0.996584 0.00177294
0.996685 0.00176634
0.996751 0.00175822
0.997007 0.00176766
0.996951 0.00175928
0.996984 0.0017504
0.99689 0.00174384
0.996532 0.00177133
0.996703 0.00177047
0.996822 0.00176543
0.996759 0.00175756
0.996664 0.00175123
0.996583 0.00174429
0.996393 0.0017459
0.996471 0.00173891
0.996525 0.00173112
0.996711 0.00173258
0.996865 0.00173096
0.99702 0.00172949
0.996948 0.00172261
0.996966 0.00171437
0.99704 0.00170771
0.997251 0.00171253
0.997353 0.0017074
0.997556 0.00171141
0.997496 0.00170437
0.997624 0.00170118
0.99763 0.00169322
0.997623 0.00168534
0.9977 0.00167926
0.997366 0.00170458
0.997335 0.00169701
0.997329 0.00168926
0.997299 0.00168182
0.997262 0.0016746
0.997473 0.00168029
0.997489 0.00167282
0.997538 0.00166605
0.997339 0.00167058
0.997185 0.00167027
0.997256 0.00166443
0.997186 0.0016586
0.997292 0.00165475
0.997419 0.00165244
0.997437 0.00164537
0.997423 0.00163832
0.997313 0.00163499
0.997397 0.00163018
0.997388 0.00162325
0.99756 0.00162557
0.997575 0.00161877
0.997491 0.00161414
0.99747 0.00160751
0.997555 0.00160309
0.997454 0.00159966
0.997277 0.00160279
0.997207 0.00159772
0.997464 0.00161176
0.997588 0.00160997
0.997324 0.001625
0.997256 0.00161985
0.997239 0.00161339
0.997305 0.00160822
0.99732 0.00160185
