0.993625 0
0.998115 0.00448979
0.998799 0.00268109
0.997333 0.00239669
0.998056 0.00199243
0.998417 0.00166625
0.99766 0.00159888
0.998029 0.00143296
0.998363 0.00130721
0.999566 0.00167739
0.999515 0.00151811
1.00015 0.00152355
0.999864 0.00142984
0.999309 0.0014355
0.998606 0.00150989
0.99805 0.00151797
0.998666 0.00155342
0.998864 0.00147779
0.998791 0.00139973
0.998351 0.00139902
0.998196 0.00133967
0.998236 0.00127794
0.998676 0.00129784
0.999145 0.00132831
0.99945 0.00130992
0.999356 0.00126197
0.999729 0.00127021
0.999638 0.00122735
0.999621 0.0011844
0.999614 0.00114426
0.999769 0.00111751
0.999706 0.00108381
0.999733 0.00105078
0.999727 0.00101942
1.00006 0.00104393
1.00004 0.00101469
1.00009 0.000988265
0.999794 0.00100707
0.999401 0.00105669
0.999187 0.00105201
0.999269 0.00102929
0.99924 0.00100489
0.999168 0.000983884
0.999009 0.000974299
0.999189 0.000969194
0.999315 0.000956186
0.99942 0.000941548
0.99953 0.000928282
0.999433 0.000914291
0.999445 0.000895898
0.999661 0.000904264
0.999523 0.00089744
0.999695 0.000896968
0.999812 0.000888027
0.99972 0.00087659
0.999926 0.000885146
0.999834 0.000874337
0.999825 0.00085918
0.999771 0.000846216
0.999494 0.000876857
0.99945 0.000863488
0.999559 0.00085646
0.999784 0.000872063
0.999862 0.000861877
0.999777 0.000852769
0.999826 0.000841209
0.99983 0.000828568
0.999945 0.000824387
1.00005 0.000818804
1.00011 0.000809074
1.00026 0.000812713
1.0003 0.000802202
1.0003 0.000791156
1.0002 0.000787704
1.00018 0.00077744
1.00018 0.000767149
1.00021 0.000757998
1.00033 0.000757687
1.00045 0.000756844
1.00039 0.000749581
1.00045 0.000742775
1.00043 0.000733937
1.00045 0.000725231
1.00048 0.000717075
1.0006 0.000718699
1.00051 0.000715871
1.00055 0.000708836
1.00053 0.000701021
1.00055 0.000693297
1.00043 0.000695126
1.00026 0.000709356
1.00023 0.00070222
1.00025 0.000695183
1.00034 0.000693579
1.00033 0.000686413
1.00034 0.00067941
1.00025 0.000678367
1.00022 0.000672264
1.00014 0.000669839
1.00022 0.000667057
1.00035 0.000673229
1.00033 0.000666734
1.0004 0.000663207
1.00043 0.00065762
1.00043 0.000651331
1.0004 0.000645731
1.00042 0.000639952
1.00037 0.0006357
1.00039 0.000630044
1.00028 0.00063369
1.00028 0.000627977
1.00029 0.000622364
1.00032 0.000617803
1.00018 0.000628621
1.00022 0.000624589
1.00022 0.000619245
1.00016 0.000616821
1.00011 0.000613306
1.00009 0.000608345
1.00005 0.000605182
1.00003 0.000600357
1.00013 0.00060322
1.00002 0.000607038
1.00003 0.00060214
1.00002 0.000597319
0.999946 0.00059777
0.999912 0.000593999
0.999925 0.000589491
0.999811 0.000595927
0.999825 0.000591475
0.999752 0.000591422
0.999864 0.000597529
0.999819 0.000594729
0.999789 0.000591008
0.999764 0.000587174
0.999763 0.000582841
0.999747 0.000578785
0.999673 0.000579338
0.999673 0.000575155
0.999605 0.000575128
0.999597 0.000571082
0.999568 0.000567816
0.999608 0.000565239
0.999639 0.000562186
0.999645 0.000558329
0.999661 0.000554709
0.99967 0.000551004
0.999659 0.000547384
0.999671 0.000543829
0.999686 0.000540393
0.99976 0.00054191
0.999781 0.000538736
0.999834 0.000537806
0.999867 0.00053536
0.999875 0.000531947
0.999797 0.00053417
0.999836 0.000532183
0.999753 0.00053535
0.999782 0.000532746
0.99973 0.000531943
0.999741 0.000528748
0.999741 0.000525474
0.999796 0.000525219
0.999703 0.000530208
0.999664 0.000528475
0.999665 0.000525283
0.999669 0.000522145
0.999722 0.000521772
0.999696 0.000519354
0.999666 0.000517144
0.999689 0.000514623
0.999759 0.000516404
0.999802 0.000515174
0.999835 0.000513255
0.999898 0.000514194
0.999857 0.000512864
0.999817 0.000511532
0.999847 0.000509524
0.99981 0.000508034
0.999827 0.0005055
0.999861 0.000503813
0.999824 0.000502407
0.999811 0.000499808
0.999755 0.000500226
0.999732 0.000498051
0.999726 0.000495406
0.999723 0.000492759
0.999741 0.00049047
0.999727 0.000488074
0.9997 0.000486221
0.999725 0.000484288
0.999722 0.000481765
0.999722 0.000479263
0.999736 0.000477
0.999757 0.000475033
0.999771 0.000472789
0.999759 0.000470522
0.999787 0.000468945
0.999843 0.000469993
0.999829 0.000467867
0.999872 0.000467581
0.999904 0.000466341
0.999887 0.000464365
0.99992 0.000463279
0.999939 0.000461411
0.999938 0.000459166
0.999921 0.000457249
0.999888 0.000456245
0.999915 0.000454862
0.999937 0.000453221
0.999943 0.000451108
0.99992 0.000449596
0.999872 0.000450018
0.999851 0.000448405
0.999869 0.000446676
0.999921 0.000447654
0.99996 0.000447283
0.999974 0.000445452
1.00002 0.000445459
1 0.000443605
1 0.000441595
1 0.000439604
1.00003 0.000438821
1 0.000437934
0.999972 0.000437079
0.999941 0.000436281
0.99996 0.000434762
1.00001 0.000435826
1.00001 0.000433919
1.00001 0.000432029
1.00005 0.000431695
1.00004 0.000429847
1.00006 0.000428215
1.00008 0.000427244
1.00006 0.00042625
1.00005 0.00042449
1.00005 0.000422696
1.00006 0.000420942
1.00005 0.000419233
1.00006 0.000417636
1.00009 0.000416684
1.00011 0.000415572
1.00014 0.000414895
1.00012 0.000413679
1.00012 0.000411991
1.00011 0.000410394
1.00009 0.000409588
1.00009 0.000407935
1.0001 0.000406556
1.00012 0.000405228
