5.37468 0
5.10205 0.27263
5.38091 0.32021
5.36088 0.227307
5.379 0.177001
5.30201 0.163747
5.3156 0.139057
5.42061 0.15978
5.39031 0.144135
5.36334 0.131708
5.35167 0.119705
5.39627 0.118026
5.3669 0.112469
5.353 0.10505
5.31782 0.103933
5.33209 0.0982625
5.31683 0.0935534
5.32283 0.0884066
5.32943 0.0838845
5.32263 0.0798701
5.32829 0.0761823
5.31082 0.0747095
5.31683 0.0716402
5.34251 0.073239
5.35149 0.0708207
5.36071 0.0686635
5.36612 0.0662926
5.37617 0.0646677
5.38419 0.0629114
5.39833 0.0623994
5.41409 0.0623765
5.41533 0.0604086
5.39585 0.0617041
5.38802 0.0603728
5.38241 0.0588904
5.37469 0.0577488
5.37783 0.0562544
5.38383 0.0550817
5.35605 0.0604176
5.35508 0.0588959
5.34675 0.0580424
5.36887 0.0608127
5.35912 0.0601775
5.3604 0.0588079
5.38222 0.0614873
5.38701 0.0603265
5.38925 0.0590715
5.39212 0.0578986
5.39055 0.0567263
5.37857 0.0568575
5.39991 0.0596792
5.39471 0.0587514
5.39985 0.0578614
5.39006 0.0576178
5.39009 0.0565605
5.38657 0.0556529
5.39386 0.0551511
5.38922 0.05439
5.37466 0.0554071
5.37511 0.0544777
5.37876 0.0537015
5.38517 0.0532159
5.39916 0.0542002
5.39243 0.0537695
5.39932 0.0533822
5.39798 0.0525842
5.39567 0.0518448
5.39177 0.0512255
5.38761 0.0506489
5.38246 0.0501853
5.40177 0.053107
5.39621 0.0526576
5.39818 0.0519686
5.39828 0.0512616
5.39342 0.0508064
5.39607 0.0502036
5.39127 0.0497798
5.39354 0.0491897
5.39092 0.0486333
5.38993 0.0480319
5.40602 0.0500905
5.40383 0.0495244
5.39512 0.049693
5.3963 0.049112
5.39377 0.0485964
5.39548 0.0480582
5.39841 0.0475933
5.39838 0.0470494
5.39652 0.0465549
5.39561 0.0460438
5.39365 0.0455769
5.39733 0.0452282
5.40652 0.0456741
5.40526 0.0452031
5.40856 0.0448461
5.41767 0.0453026
5.42546 0.0455038
5.42504 0.045039
5.41821 0.0451028
5.41232 0.0450361
5.42028 0.0452941
5.42365 0.044974
5.4186 0.0448207
5.4155 0.0444953
5.41862 0.0441794
5.41594 0.0438427
5.41781 0.0434712
5.42348 0.0434385
5.42312 0.0430397
5.43001 0.0432003
5.43217 0.0428637
5.4337 0.0425067
5.42942 0.0423449
5.43068 0.0419905
5.43102 0.0416251
5.431 0.0412647
5.43374 0.0410019
5.43677 0.0407656
5.43229 0.0406695
5.43006 0.0403905
5.43225 0.0401151
5.42782 0.0400312
5.43078 0.0398148
5.4301 0.0394983
5.42717 0.0392906
5.42255 0.0392499
5.42078 0.0389798
5.41989 0.0386844
5.42014 0.0383842
5.42237 0.0381528
5.42409 0.0378994
5.42571 0.0376463
5.42414 0.0373952
5.4197 0.0373796
5.42535 0.0375289
5.42768 0.0373247
5.42558 0.0371108
5.42067 0.0371662
5.41907 0.0369325
5.42684 0.037481
5.42886 0.0372694
5.42643 0.0370862
5.42665 0.0368266
5.4265 0.0365703
5.42714 0.0363228
5.43221 0.0364268
5.4319 0.0361795
5.43225 0.035936
5.43023 0.0357512
5.43053 0.0355133
5.42798 0.0353689
5.42648 0.0351679
5.42769 0.0349584
5.42797 0.0347317
5.43409 0.0350457
5.43063 0.0349914
5.42789 0.0348758
5.42385 0.0348889
5.42741 0.0348506
5.43076 0.0347937
5.42872 0.0346367
5.42773 0.0344367
5.4284 0.0342314
5.427 0.0340506
5.43127 0.0341112
5.43328 0.0339649
5.43542 0.0338287
5.43192 0.0338092
5.4328 0.0336203
5.43313 0.0334235
5.43121 0.0332825
5.43129 0.0330885
5.42573 0.0333622
5.42314 0.0332709
5.42295 0.0330808
5.42037 0.0329931
5.42105 0.0328131
5.42326 0.032703
5.42466 0.0325503
5.42504 0.0323712
5.42508 0.0321919
5.42682 0.0320618
5.43087 0.0321422
5.43412 0.0321317
5.43504 0.0319706
5.43334 0.0318434
5.43376 0.0316754
5.43543 0.0315506
5.43316 0.0314648
5.43267 0.0313027
5.43601 0.0313167
5.43551 0.0311571
5.43495 0.0310003
5.43483 0.0308404
5.43818 0.0308633
5.43947 0.0307325
5.44162 0.0306521
5.44037 0.0305225
5.44857 0.0314549
5.44877 0.0312979
5.44811 0.0311488
5.44869 0.0309997
5.44821 0.0308504
5.44496 0.0308704
5.44443 0.0307241
5.44235 0.0306451
5.44385 0.0305334
5.44186 0.030451
5.44373 0.0303626
5.44367 0.0302177
5.44067 0.0302232
5.43809 0.0301908
5.43872 0.0300553
5.43559 0.0300775
5.43437 0.0299621
5.43435 0.0298231
5.43342 0.0296999
5.43567 0.0296487
5.43873 0.0296708
5.43819 0.0295405
5.4376 0.0294124
5.4363 0.0293086
5.44006 0.0294183
5.44044 0.0292892
5.44618 0.0297165
5.44973 0.0297975
5.45121 0.0297026
5.45178 0.0295776
5.45072 0.0294672
5.44705 0.0295678
5.44584 0.0294642
5.44618 0.0293389
5.44642 0.0292137
5.44663 0.0290894
5.44476 0.0290258
5.44535 0.0289086
5.44469 0.028794
5.44632 0.0287194
5.44723 0.0286133
5.44894 0.0285454
5.44565 0.0286166
5.44483 0.02851
5.44444 0.0283951
5.44397 0.0282823
5.44388 0.0281668
5.44198 0.0281159
5.4429 0.0280168
5.44432 0.0279396
5.4488 0.0281851
5.44955 0.0280824
