16.3894 0
16.0165 0.372914
15.25 0.79612
15.3959 0.58153
15.4157 0.450886
15.1796 0.43732
15.2926 0.386468
15.1837 0.351941
15.424 0.392501
15.2701 0.383311
15.1422 0.36956
15.0105 0.362154
15.0057 0.333168
14.9109 0.322688
14.9337 0.301276
14.94 0.281886
15.0306 0.279878
15.047 0.26438
15.133 0.264437
15.1611 0.252434
15.1521 0.240278
15.1006 0.234821
15.0787 0.225441
15.0806 0.215851
15.0817 0.20704
15.0832 0.198923
15.0458 0.195027
15.0502 0.187983
15.0594 0.181619
15.0214 0.17953
15.0459 0.175367
15.0429 0.169825
15.0158 0.16681
15.0201 0.161886
15.0392 0.158347
15.0282 0.154278
14.9687 0.161428
14.9858 0.158051
14.9877 0.153957
14.9757 0.150537
14.9191 0.157372
14.884 0.157518
14.9118 0.156291
14.9603 0.160228
14.9503 0.156948
14.9467 0.153538
14.9522 0.150335
14.9428 0.14747
14.9316 0.144858
14.9222 0.142244
14.9181 0.139488
14.9317 0.137455
14.9367 0.134928
14.9334 0.132445
14.9498 0.131037
14.9314 0.129987
14.9386 0.127892
14.9202 0.127009
14.9014 0.126246
14.9126 0.124627
14.9183 0.122699
14.895 0.12293
14.9307 0.126132
14.9146 0.125193
14.934 0.124776
14.9311 0.122906
14.9461 0.121988
14.9711 0.122755
14.9745 0.12101
14.9834 0.119597
14.9959 0.118566
14.9752 0.118736
15.0045 0.120713
15.0141 0.119458
14.9864 0.121067
14.9773 0.119807
14.9849 0.118482
14.9927 0.117215
15.0142 0.117704
15.0195 0.116342
15.021 0.114907
15.0047 0.114666
15.0164 0.113882
15.0029 0.113323
15.0104 0.112235
15.0117 0.110929
15.0124 0.10965
15.0096 0.108434
14.9925 0.108566
14.9784 0.108278
14.9722 0.107258
14.9828 0.10661
14.9946 0.106112
14.9992 0.105079
14.9989 0.103967
15.0099 0.10346
15.0067 0.102437
14.9973 0.10182
14.9976 0.100786
15.0018 0.0998627
14.9969 0.0989912
14.9883 0.0983947
14.9823 0.0976169
14.9859 0.096741
14.9854 0.0958166
14.9929 0.0952025
14.992 0.0943129
15.0075 0.0947162
15.0251 0.0954756
15.0258 0.0946067
15.0188 0.0940161
15.0066 0.0939631
15.0159 0.0935904
15.0147 0.0927737
14.992 0.0947179
14.9936 0.0939114
14.9879 0.0932832
14.9903 0.0925208
14.9786 0.0924802
14.9806 0.0917283
14.9729 0.0912957
14.9547 0.0923564
14.9577 0.0916513
14.9533 0.0910141
14.9575 0.0903829
14.9607 0.0897185
14.9635 0.0890535
14.9616 0.0883763
14.9669 0.0878475
14.9619 0.0873104
14.9585 0.0867083
14.9671 0.0864793
14.9526 0.0870474
14.9632 0.0870403
14.9531 0.0869813
14.9639 0.0870134
14.9636 0.0863762
14.97 0.0859829
14.9585 0.0861354
14.9481 0.0861415
14.947 0.0855352
14.9586 0.0857172
14.9541 0.0852377
14.9497 0.0847567
14.9481 0.0841853
14.9547 0.0838704
14.9629 0.0836938
14.9622 0.0831294
14.9511 0.0833055
14.9475 0.0828255
14.9387 0.0827535
14.9377 0.0822125
14.9358 0.0816952
14.9344 0.081176
14.9388 0.080771
14.928 0.0809789
14.9379 0.0810684
14.94 0.0805807
14.9432 0.0801388
14.9519 0.0801104
14.955 0.0796696
14.9624 0.0795205
14.9657 0.0791036
14.9549 0.079359
14.9615 0.0791468
14.9662 0.0788131
14.9774 0.0791338
14.9687 0.0791434
14.9696 0.0786791
14.9669 0.0782639
14.957 0.0784285
14.9657 0.0784524
14.9703 0.0781348
14.9661 0.0777979
14.964 0.0773801
14.9677 0.0770278
14.9767 0.0771203
14.9801 0.0767618
14.9931 0.0774309
14.9988 0.0772107
15.0049 0.0770194
15.0148 0.0772378
15.0098 0.0769808
15.0108 0.0765679
15.0134 0.0761974
15.0145 0.0757955
15.0157 0.0753974
15.0153 0.074996
15.0123 0.0746574
15.011 0.0742757
15.0146 0.0739759
15.0124 0.073624
15.0158 0.073323
15.0165 0.0729469
15.0147 0.0725946
15.0155 0.0722276
15.0162 0.0718634
15.0168 0.0715025
15.0081 0.0716702
15.0162 0.0717657
15.0211 0.0715732
15.0136 0.0716059
15.015 0.0712663
15.02 0.0710894
15.0114 0.071258
15.0104 0.0709185
15.0066 0.0706765
15.0084 0.0703592
15.0087 0.0700222
15.0063 0.0697288
15.0014 0.0695746
15.0036 0.0692829
14.9977 0.0692136
14.9956 0.0689208
14.9937 0.0686253
14.9924 0.0683198
14.9848 0.0684232
14.9849 0.0681086
14.9842 0.067801
14.9816 0.0675397
14.9839 0.0672713
14.9834 0.0669698
14.9819 0.0666849
14.9813 0.0663894
14.981 0.0660943
14.9825 0.0658183
14.9748 0.0659754
14.9737 0.0656952
14.9766 0.0654746
14.9735 0.0652637
14.9731 0.0649819
14.974 0.0647074
14.9716 0.0644734
14.9766 0.0643934
14.9757 0.0641259
14.9743 0.0638678
14.9787 0.0637496
14.985 0.0637909
14.985 0.0635234
14.9891 0.0633884
14.9962 0.0635264
15.0017 0.0635016
15.004 0.0632805
15.0009 0.0630969
15.0026 0.0628618
15.0025 0.0626058
15.0029 0.0623527
14.9944 0.0626707
14.9932 0.0624312
14.9914 0.0622063
