5.07343 0
5.40151 0.328077
5.63154 0.297981
5.56204 0.221871
5.48222 0.189492
5.4719 0.155064
5.43401 0.13642
5.54863 0.164605
5.53134 0.146193
5.5771 0.138535
5.6061 0.12862
5.59214 0.11824
5.55497 0.114939
5.54243 0.10715
5.54237 0.0997513
5.53922 0.0933619
5.52854 0.0883455
5.52084 0.0836483
5.49376 0.0836302
5.53265 0.0883594
5.51627 0.0856284
5.52331 0.0819466
5.51823 0.0784675
5.54653 0.0802789
5.54663 0.0770008
5.56475 0.0761653
5.57798 0.0744743
5.55417 0.0756105
5.52266 0.0794726
5.50538 0.0786972
5.49519 0.0767952
5.46884 0.0788875
5.46428 0.0765954
5.44293 0.0773148
5.43069 0.0760642
5.43065 0.0739212
5.45257 0.0751625
5.45448 0.0731828
5.46556 0.0721372
5.46301 0.0703567
5.47858 0.0703635
5.5025 0.0727122
5.49419 0.0714859
5.48656 0.0702574
5.50089 0.0701576
5.49725 0.0687117
5.50166 0.0673777
5.49897 0.066014
5.49942 0.0646543
5.49142 0.06385
5.49283 0.0626013
5.48519 0.0618584
5.48957 0.060838
5.48539 0.0598474
5.47903 0.0590924
5.47599 0.0581069
5.48916 0.0585786
5.4966 0.0580388
5.49844 0.0570761
5.50424 0.0564162
5.50139 0.0555569
5.50234 0.0546617
5.49951 0.0538618
5.50032 0.0530198
5.49527 0.0524419
5.49839 0.0517354
5.49202 0.0513534
5.48411 0.0512075
5.48228 0.0504929
5.47888 0.0498827
5.48176 0.0492597
5.48377 0.0486121
5.47283 0.0491733
5.47297 0.0485045
5.47778 0.0480947
5.48157 0.0476081
5.48843 0.047484
5.48653 0.0469097
5.48694 0.0463138
5.48839 0.0457544
5.4876 0.0451929
5.48502 0.0447124
5.48452 0.0441733
5.48684 0.043706
5.48019 0.0436979
5.47208 0.0439418
5.46984 0.0434917
5.47595 0.0434268
5.48002 0.0431293
5.48221 0.0427034
5.4838 0.0422616
5.48849 0.042061
5.47972 0.0425188
5.48274 0.042172
5.47593 0.0422786
5.47045 0.0421921
5.47155 0.0417692
5.46867 0.0414407
5.46908 0.0410219
5.46923 0.0406099
5.47077 0.0402351
5.46998 0.0398463
5.46711 0.039562
5.46297 0.0393984
5.46092 0.0390747
5.4613 0.0387061
5.46383 0.0384263
5.46071 0.0381964
5.46057 0.0378446
5.45733 0.0376393
5.45412 0.0374366
5.46025 0.0376049
5.46634 0.0377642
5.47182 0.037831
5.47662 0.0378063
5.4801 0.0376399
5.48511 0.037652
5.47888 0.0378481
5.48153 0.0376223
5.4786 0.037422
5.47588 0.0372115
5.47409 0.0369486
5.4734 0.0366534
5.47531 0.0364068
5.47459 0.0361216
5.46895 0.0362748
5.46576 0.0361295
5.4643 0.0358758
5.46075 0.0357728
5.46729 0.036094
5.47292 0.0362573
5.4695 0.0361444
5.47038 0.0358825
5.4747 0.0358739
5.47009 0.0359034
5.46431 0.0361052
5.46888 0.0361309
5.47168 0.0359778
5.47464 0.0358406
5.4783 0.0357709
5.48061 0.0355912
5.47785 0.0354468
5.47805 0.0351986
5.47646 0.0349893
5.47614 0.0347486
5.47454 0.034547
5.46948 0.0346811
5.47453 0.0348136
5.47868 0.0348272
5.46959 0.0357685
5.47026 0.0355371
5.47485 0.0356004
5.47052 0.0356308
5.47297 0.0354834
5.46864 0.0355188
5.47 0.0353166
5.46795 0.0351508
5.46654 0.0349564
5.46502 0.034769
5.4623 0.0346579
5.46248 0.0344424
5.45997 0.0343214
5.4604 0.0341129
5.46557 0.0342956
5.46314 0.0341737
5.46029 0.0340863
5.45897 0.0339072
5.46337 0.0339898
5.46178 0.0338251
5.46189 0.0336257
5.4587 0.0335804
5.45653 0.0334548
5.45472 0.0333099
5.45466 0.033118
5.45484 0.0329287
5.452 0.0328638
5.45163 0.0326797
5.45082 0.0325058
5.45118 0.0323256
5.45023 0.0321594
5.4506 0.0319834
5.44803 0.0319106
5.44858 0.0317405
5.44857 0.0315675
5.44561 0.0315356
5.44578 0.0313661
5.44315 0.0313083
5.4427 0.0311445
5.43971 0.0311233
5.43512 0.0312979
5.4346 0.031138
5.43391 0.030983
5.43215 0.0308722
5.4305 0.0307569
5.42869 0.0306525
5.42939 0.0305036
5.42914 0.0303494
5.42993 0.0302061
5.43225 0.0301436
5.43356 0.0300209
5.43125 0.0299607
5.4344 0.029978
5.43562 0.0298551
5.43403 0.029751
5.43781 0.0298456
5.43725 0.0297056
5.43843 0.0295852
5.43907 0.0294496
5.43955 0.0293123
5.4423 0.0293019
5.44295 0.0291699
5.44372 0.0290422
5.44203 0.0289552
5.44169 0.0288216
5.44293 0.0287141
5.44317 0.0285819
5.4462 0.0286108
5.44399 0.0285647
5.44222 0.0284888
5.44055 0.0284087
5.44317 0.0284018
5.44128 0.0283373
5.4406 0.0282181
5.44074 0.0280922
5.44227 0.0280085
5.44432 0.0279599
5.44781 0.0280537
5.44948 0.0279801
5.4502 0.0278672
5.45095 0.0277559
5.45004 0.0276506
5.44919 0.0275444
5.45018 0.0274441
5.44926 0.0273423
5.44872 0.027231
5.4463 0.0272226
5.44411 0.0271962
5.44223 0.0271466
5.44352 0.0270633
5.4407 0.0270979
5.44265 0.0270556
5.44196 0.0269524
5.43937 0.0269657
5.43983 0.026859
5.44045 0.0267562
5.44113 0.0266559
5.44055 0.0265539
5.44308 0.0265667
5.44509 0.0265365
5.44982 0.0268494
