16.6721 0
15.8574 0.814695
14.933 1.03717
15.1506 0.764988
15.0853 0.596137
15.1025 0.487045
14.9631 0.43459
14.7471 0.433914
14.9189 0.419448
14.9118 0.375232
14.9365 0.340308
14.9628 0.311768
15.0728 0.307137
15.0497 0.285287
15.1444 0.281963
15.1558 0.264001
15.1123 0.251787
15.1664 0.243481
15.0998 0.239748
15.1104 0.22769
15.1375 0.218273
15.0706 0.218601
15.0003 0.220395
15.0464 0.215983
14.9578 0.225292
14.9229 0.21925
14.9254 0.210988
14.9234 0.203323
14.9363 0.196608
14.9277 0.190135
14.9085 0.184901
14.8571 0.18626
14.902 0.186038
14.8722 0.182932
14.8867 0.178216
14.8998 0.17369
14.9058 0.169037
14.9652 0.174939
15.052 0.191211
15.0859 0.189432
15.1119 0.186576
15.0966 0.182724
15.1146 0.179332
15.0769 0.179213
15.0378 0.179513
15.0166 0.176835
15.0177 0.173036
15.0225 0.16946
15.0478 0.16788
15.0539 0.164601
15.0344 0.162513
15.0397 0.159444
15.0589 0.157584
15.0471 0.155088
15.0643 0.153211
15.0444 0.151756
15.0485 0.149124
15.0563 0.146738
15.0667 0.144604
15.0679 0.142179
15.0419 0.142222
15.0433 0.139916
15.007 0.142384
15.0032 0.140193
14.9851 0.139201
14.9793 0.137199
14.9949 0.136031
15.0152 0.135546
15.0434 0.136518
15.0625 0.1359
15.0452 0.135083
15.0373 0.133426
15.0097 0.134465
15.0136 0.132695
15.0208 0.13111
15.0311 0.12978
15.0389 0.128323
15.0479 0.126988
15.0534 0.125489
15.0569 0.12396
15.0425 0.123266
15.0528 0.122194
15.048 0.120811
15.0387 0.119722
15.0315 0.118526
15.0314 0.117139
15.0262 0.115904
15.0219 0.114658
15.0158 0.113528
15.0082 0.112518
15.0111 0.111312
15.0107 0.110096
14.9939 0.110199
15.002 0.109324
15.0014 0.108168
14.9817 0.108834
14.9633 0.109272
14.972 0.108501
14.9888 0.108708
14.9886 0.107615
14.977 0.107172
14.9655 0.106737
14.9619 0.105759
14.9695 0.105013
14.9575 0.104693
14.9427 0.10475
14.9406 0.103788
14.9439 0.102875
14.9397 0.102012
14.9256 0.102058
14.9296 0.101213
14.9192 0.100847
14.943 0.102744
14.9299 0.102676
14.9405 0.102332
14.9417 0.101454
14.9412 0.100584
14.9334 0.100034
14.9416 0.0995334
14.9444 0.0987405
14.9532 0.0983134
14.9677 0.0985822
14.9645 0.0978326
14.9627 0.0970559
14.9673 0.0963847
14.9779 0.0962011
14.9758 0.0954642
14.9648 0.0953513
14.9674 0.0946453
14.9517 0.0952097
14.9377 0.0955147
14.9302 0.0950859
14.9331 0.0944121
14.9411 0.0940513
14.9359 0.0934976
14.9296 0.0930202
14.9428 0.0932713
14.9478 0.092729
14.9622 0.0931723
14.9452 0.0940534
14.9466 0.0933957
14.9386 0.0930825
14.9461 0.0927342
14.9509 0.0922089
14.9403 0.0921783
14.9323 0.091895
14.9303 0.0912893
14.9224 0.0910092
14.9261 0.0904683
14.925 0.0898696
14.9193 0.0894556
14.92 0.0888679
14.9219 0.0883072
14.9248 0.0877775
14.9137 0.0879134
14.9246 0.0880327
14.9252 0.087472
14.9292 0.0870089
14.923 0.0866822
14.9209 0.0861636
14.9253 0.0857403
14.9286 0.0852713
14.9282 0.0847472
14.9261 0.0842555
14.9218 0.0838552
14.9155 0.0835858
14.9063 0.0835887
14.919 0.0840596
14.9168 0.0835918
14.916 0.0831025
14.9183 0.0826495
14.9195 0.0821754
14.9193 0.0816991
14.9211 0.0812481
14.9215 0.0807833
14.9183 0.0803886
14.9233 0.0800911
14.9243 0.0796464
14.9314 0.0795172
14.9395 0.0794866
14.9395 0.0790462
14.9414 0.0786318
14.9383 0.0782604
14.935 0.0779051
14.9327 0.0775167
14.937 0.0772218
14.9324 0.0769507
14.9415 0.0770825
14.954 0.0776889
14.9646 0.0780074
14.963 0.077616
14.9609 0.0772388
14.9618 0.0768432
14.9706 0.0769551
14.9621 0.07703
14.9572 0.076797
14.9487 0.0768746
14.9539 0.0766613
14.952 0.0762979
14.9498 0.0759492
14.9546 0.075723
14.9512 0.0754243
14.9473 0.0751518
14.9473 0.0747825
14.9456 0.0744344
14.9494 0.0741664
14.9471 0.0738436
14.952 0.0736544
14.9442 0.0737134
14.9457 0.0733771
14.9514 0.0732473
14.9514 0.0729009
14.9448 0.0728647
14.9458 0.0725312
14.9546 0.0727203
14.9524 0.0724151
14.952 0.0720819
14.9541 0.0717826
14.9547 0.0714561
14.9576 0.0711903
14.9586 0.0708747
14.9596 0.0705615
14.954 0.0704688
14.9571 0.070225
14.9455 0.0708791
14.9422 0.0706382
14.9348 0.0707143
14.9296 0.0705948
14.9249 0.0704431
14.9319 0.0704833
14.9301 0.0702025
14.9292 0.0699051
14.9269 0.0696402
14.9334 0.0696434
14.9392 0.069593
14.9396 0.0692985
14.9381 0.0690217
14.9353 0.0687879
14.9304 0.0686736
14.9308 0.0683878
14.9345 0.0682062
14.9352 0.0679273
14.9304 0.0678169
14.9261 0.0676757
14.9202 0.0676611
14.9213 0.0673958
14.925 0.0672213
14.9262 0.0669613
14.9156 0.0675267
14.9138 0.067281
